mtt,mu_pt,mu_abseta,pileup,weight,nevents,N_gen,gw_pos,gw_neg
1466.3206073432796,105.05555,0.9182129,20.0,303.3580017089844,1348000.0,1337062.0,1342531.0,5469.0
1501.7003134146557,105.05555,0.9182129,20.0,303.3580017089844,1348000.0,1337062.0,1342531.0,5469.0
1942.8057617868155,218.37634,1.1062012,26.0,303.3580017089844,1348000.0,1337062.0,1342531.0,5469.0
1428.8476233615625,218.37634,1.1062012,26.0,303.3580017089844,1348000.0,1337062.0,1342531.0,5469.0
1219.6310853366906,92.08509,0.82141113,14.0,303.3580017089844,1348000.0,1337062.0,1342531.0,5469.0
890.8743379314972,92.08509,0.82141113,14.0,303.3580017089844,1348000.0,1337062.0,1342531.0,5469.0
1806.6567840104724,408.36185,1.5322266,18.0,303.3580017089844,1348000.0,1337062.0,1342531.0,5469.0
1679.742782397903,408.36185,1.5322266,18.0,303.3580017089844,1348000.0,1337062.0,1342531.0,5469.0
1025.9496955082434,199.6367,0.40777588,20.0,303.3580017089844,1348000.0,1337062.0,1342531.0,5469.0
624.6590074800065,199.6367,0.40777588,20.0,303.3580017089844,1348000.0,1337062.0,1342531.0,5469.0
848.3813173735983,199.6367,0.40777588,20.0,303.3580017089844,1348000.0,1337062.0,1342531.0,5469.0
690.3161029038465,199.6367,0.40777588,20.0,303.3580017089844,1348000.0,1337062.0,1342531.0,5469.0
1334.9013588104783,63.803005,0.22616577,18.0,303.3580017089844,1348000.0,1337062.0,1342531.0,5469.0
1674.8045003281786,357.8519,0.5612793,14.0,-303.3580017089844,1348000.0,1337062.0,1342531.0,5469.0
1702.8319250174693,93.788216,0.018539429,31.0,303.3580017089844,1348000.0,1337062.0,1342531.0,5469.0
1920.7321008062231,93.788216,0.018539429,31.0,303.3580017089844,1348000.0,1337062.0,1342531.0,5469.0
1119.1692883734763,77.22466,0.8845215,11.0,303.3580017089844,1348000.0,1337062.0,1342531.0,5469.0
961.1775434410454,77.22466,0.8845215,11.0,303.3580017089844,1348000.0,1337062.0,1342531.0,5469.0
1262.5566421561405,392.43195,0.69384766,23.0,303.3580017089844,1348000.0,1337062.0,1342531.0,5469.0
1187.856480241637,392.43195,0.69384766,23.0,303.3580017089844,1348000.0,1337062.0,1342531.0,5469.0
699.2055144324709,148.03238,0.23446655,20.0,303.3580017089844,1348000.0,1337062.0,1342531.0,5469.0
711.3048550463528,148.03238,0.23446655,20.0,303.3580017089844,1348000.0,1337062.0,1342531.0,5469.0
1183.2409533664822,117.6083,1.0627441,28.0,303.3580017089844,1348000.0,1337062.0,1342531.0,5469.0
1102.17550720663,75.06681,0.78186035,32.0,303.3580017089844,1348000.0,1337062.0,1342531.0,5469.0
1137.8811315836601,325.83514,1.0251465,16.0,303.3580017089844,1348000.0,1337062.0,1342531.0,5469.0
1120.5973883732418,325.83514,1.0251465,16.0,303.3580017089844,1348000.0,1337062.0,1342531.0,5469.0
1695.0719174705764,101.10854,0.02136612,14.0,303.3580017089844,1348000.0,1337062.0,1342531.0,5469.0
1357.7589012935312,319.18262,1.1879883,23.0,-303.3580017089844,1348000.0,1337062.0,1342531.0,5469.0
2454.2556422889743,233.28719,0.4796753,23.0,303.3580017089844,1348000.0,1337062.0,1342531.0,5469.0
1935.044749581157,233.28719,0.4796753,23.0,303.3580017089844,1348000.0,1337062.0,1342531.0,5469.0
1346.8060510519917,212.52351,0.322937,24.0,303.3580017089844,1348000.0,1337062.0,1342531.0,5469.0
1878.1685152969192,212.52351,0.322937,24.0,303.3580017089844,1348000.0,1337062.0,1342531.0,5469.0
984.4998600257597,212.52351,0.322937,24.0,303.3580017089844,1348000.0,1337062.0,1342531.0,5469.0
1148.0205480361262,148.69698,0.87390137,29.0,303.3580017089844,1348000.0,1337062.0,1342531.0,5469.0
660.8270154673601,99.374435,1.076416,21.0,303.3580017089844,1348000.0,1337062.0,1342531.0,5469.0
534.1999332502651,99.374435,1.076416,21.0,303.3580017089844,1348000.0,1337062.0,1342531.0,5469.0
837.8473267571881,56.968555,0.2277832,19.0,303.3580017089844,1348000.0,1337062.0,1342531.0,5469.0
892.2015872356578,56.968555,0.2277832,19.0,303.3580017089844,1348000.0,1337062.0,1342531.0,5469.0
2743.83481688241,447.24414,0.98168945,21.0,303.3580017089844,1348000.0,1337062.0,1342531.0,5469.0
889.6448894838292,340.19824,0.12786865,19.0,303.3580017089844,1348000.0,1337062.0,1342531.0,5469.0
1696.7769178004248,235.78546,1.317627,17.0,303.3580017089844,1348000.0,1337062.0,1342531.0,5469.0
445.85721114880124,67.59126,0.5812988,21.0,303.3580017089844,1348000.0,1337062.0,1342531.0,5469.0
2128.6356321997478,211.79039,1.3200684,30.0,303.3580017089844,1348000.0,1337062.0,1342531.0,5469.0
1532.8452972857615,211.79039,1.3200684,30.0,303.3580017089844,1348000.0,1337062.0,1342531.0,5469.0
1429.0857542560293,341.32516,1.1967773,34.0,303.3580017089844,1348000.0,1337062.0,1342531.0,5469.0
1429.7034983514807,207.19473,0.3595581,27.0,303.3580017089844,1348000.0,1337062.0,1342531.0,5469.0
1219.2284844403969,290.32864,0.12789917,30.0,303.3580017089844,1348000.0,1337062.0,1342531.0,5469.0
1145.1497486572705,290.32864,0.12789917,30.0,303.3580017089844,1348000.0,1337062.0,1342531.0,5469.0
1105.6193709903762,77.195435,1.0661621,16.0,303.3580017089844,1348000.0,1337062.0,1342531.0,5469.0
1218.8575264560968,77.195435,1.0661621,16.0,303.3580017089844,1348000.0,1337062.0,1342531.0,5469.0
1229.4845755569145,145.85634,1.1220703,22.0,303.3580017089844,1348000.0,1337062.0,1342531.0,5469.0
1209.7278420896955,145.85634,1.1220703,22.0,303.3580017089844,1348000.0,1337062.0,1342531.0,5469.0
1119.1935481403223,145.85634,1.1220703,22.0,303.3580017089844,1348000.0,1337062.0,1342531.0,5469.0
3318.1444422610894,248.96776,0.25860596,20.0,303.3580017089844,1348000.0,1337062.0,1342531.0,5469.0
2480.7404236245357,248.96776,0.25860596,20.0,303.3580017089844,1348000.0,1337062.0,1342531.0,5469.0
1516.3018729437479,305.7649,0.8140869,17.0,303.3580017089844,1348000.0,1337062.0,1342531.0,5469.0
1452.041826157428,305.7649,0.8140869,17.0,303.3580017089844,1348000.0,1337062.0,1342531.0,5469.0
1091.411684760435,81.41364,0.26055908,33.0,303.3580017089844,1348000.0,1337062.0,1342531.0,5469.0
946.1810423921067,81.41364,0.26055908,33.0,303.3580017089844,1348000.0,1337062.0,1342531.0,5469.0
1412.1839460270708,106.55729,1.2021484,21.0,303.3580017089844,1348000.0,1337062.0,1342531.0,5469.0
782.150693651429,106.55729,1.2021484,21.0,303.3580017089844,1348000.0,1337062.0,1342531.0,5469.0
1447.8908465769518,91.310005,2.1206055,16.0,303.3580017089844,1348000.0,1337062.0,1342531.0,5469.0
1469.0566453678985,91.310005,2.1206055,16.0,303.3580017089844,1348000.0,1337062.0,1342531.0,5469.0
1439.2971611974135,55.64053,1.2512207,15.0,303.3580017089844,1348000.0,1337062.0,1342531.0,5469.0
1412.7028206754987,55.64053,1.2512207,15.0,303.3580017089844,1348000.0,1337062.0,1342531.0,5469.0
592.5691845833356,148.74399,1.7197266,17.0,303.3580017089844,1348000.0,1337062.0,1342531.0,5469.0
531.4947246675923,148.74399,1.7197266,17.0,303.3580017089844,1348000.0,1337062.0,1342531.0,5469.0
887.0808749195039,91.64934,0.24786377,21.0,303.3580017089844,1348000.0,1337062.0,1342531.0,5469.0
937.2933973120082,91.64934,0.24786377,21.0,303.3580017089844,1348000.0,1337062.0,1342531.0,5469.0
947.6538289476669,91.64934,0.24786377,21.0,303.3580017089844,1348000.0,1337062.0,1342531.0,5469.0
1264.7748461469268,223.00845,1.2758789,19.0,303.3580017089844,1348000.0,1337062.0,1342531.0,5469.0
1516.544143447949,223.00845,1.2758789,19.0,303.3580017089844,1348000.0,1337062.0,1342531.0,5469.0
526.4804349675032,107.31918,0.41986084,15.0,303.3580017089844,1348000.0,1337062.0,1342531.0,5469.0
1212.8174006499075,78.77927,0.5772705,20.0,303.3580017089844,1348000.0,1337062.0,1342531.0,5469.0
1495.6676057091872,78.77927,0.5772705,20.0,303.3580017089844,1348000.0,1337062.0,1342531.0,5469.0
997.2445372360295,78.77927,0.5772705,20.0,303.3580017089844,1348000.0,1337062.0,1342531.0,5469.0
1074.428414634475,181.08528,0.9251709,30.0,303.3580017089844,1348000.0,1337062.0,1342531.0,5469.0
1001.7127689965928,181.08528,0.9251709,30.0,303.3580017089844,1348000.0,1337062.0,1342531.0,5469.0
846.9037993508283,181.08528,0.9251709,30.0,303.3580017089844,1348000.0,1337062.0,1342531.0,5469.0
1227.794276701527,116.02894,0.66516113,17.0,303.3580017089844,1348000.0,1337062.0,1342531.0,5469.0
1245.1685333745054,116.02894,0.66516113,17.0,303.3580017089844,1348000.0,1337062.0,1342531.0,5469.0
600.2141939735807,127.10836,0.9354248,16.0,303.3580017089844,1348000.0,1337062.0,1342531.0,5469.0
535.1161027494885,127.10836,0.9354248,16.0,303.3580017089844,1348000.0,1337062.0,1342531.0,5469.0
2031.7567409729916,108.18518,1.9689941,11.0,303.3580017089844,1348000.0,1337062.0,1342531.0,5469.0
1486.7937857945492,187.24455,0.8330078,12.0,303.3580017089844,1348000.0,1337062.0,1342531.0,5469.0
946.5315471343664,187.24455,0.8330078,12.0,303.3580017089844,1348000.0,1337062.0,1342531.0,5469.0
930.2965705817164,187.24455,0.8330078,12.0,303.3580017089844,1348000.0,1337062.0,1342531.0,5469.0
1306.1418765971198,66.2651,1.2495117,25.0,303.3580017089844,1348000.0,1337062.0,1342531.0,5469.0
976.895337498542,66.2651,1.2495117,25.0,303.3580017089844,1348000.0,1337062.0,1342531.0,5469.0
1750.8353521109937,258.35516,0.58032227,20.0,303.3580017089844,1348000.0,1337062.0,1342531.0,5469.0
1302.5009331070469,311.29984,0.70739746,15.0,303.3580017089844,1348000.0,1337062.0,1342531.0,5469.0
1212.1028266090957,311.29984,0.70739746,15.0,303.3580017089844,1348000.0,1337062.0,1342531.0,5469.0
1099.3347712082061,311.29984,0.70739746,15.0,303.3580017089844,1348000.0,1337062.0,1342531.0,5469.0
1706.5075343620467,251.81738,0.22341919,34.0,303.3580017089844,1348000.0,1337062.0,1342531.0,5469.0
1688.2387217046419,251.81738,0.22341919,34.0,303.3580017089844,1348000.0,1337062.0,1342531.0,5469.0
1499.8882038830839,243.5192,0.7807617,19.0,303.3580017089844,1348000.0,1337062.0,1342531.0,5469.0
1474.9721183942509,189.85478,1.2504883,23.0,303.3580017089844,1348000.0,1337062.0,1342531.0,5469.0
1442.2833769624783,189.85478,1.2504883,23.0,303.3580017089844,1348000.0,1337062.0,1342531.0,5469.0
721.214619607355,57.981014,0.23294067,17.0,303.3580017089844,1348000.0,1337062.0,1342531.0,5469.0
604.2726878867745,57.981014,0.23294067,17.0,303.3580017089844,1348000.0,1337062.0,1342531.0,5469.0
1007.9068648957447,144.63,1.3588867,34.0,303.3580017089844,1348000.0,1337062.0,1342531.0,5469.0
986.7484622100244,219.62386,1.253418,20.0,303.3580017089844,1348000.0,1337062.0,1342531.0,5469.0
1002.2878092072978,219.62386,1.253418,20.0,303.3580017089844,1348000.0,1337062.0,1342531.0,5469.0
863.9531912853688,219.62386,1.253418,20.0,303.3580017089844,1348000.0,1337062.0,1342531.0,5469.0
974.3801467378022,66.17645,0.30810547,22.0,303.3580017089844,1348000.0,1337062.0,1342531.0,5469.0
660.3928017235255,153.58778,0.36889648,10.0,303.3580017089844,1348000.0,1337062.0,1342531.0,5469.0
536.7925305252843,104.22535,0.6569824,17.0,303.3580017089844,1348000.0,1337062.0,1342531.0,5469.0
512.2236128975786,104.22535,0.6569824,17.0,303.3580017089844,1348000.0,1337062.0,1342531.0,5469.0
2568.935470620716,749.6087,0.36254883,13.0,303.3580017089844,1348000.0,1337062.0,1342531.0,5469.0
913.1985816779152,127.349014,0.13690186,20.0,303.3580017089844,1348000.0,1337062.0,1342531.0,5469.0
1042.7282485278781,127.349014,0.13690186,20.0,303.3580017089844,1348000.0,1337062.0,1342531.0,5469.0
1447.6845178481192,159.05083,0.4897461,25.0,303.3580017089844,1348000.0,1337062.0,1342531.0,5469.0
1202.2558088194796,159.05083,0.4897461,25.0,303.3580017089844,1348000.0,1337062.0,1342531.0,5469.0
1653.6364659573555,69.46037,1.6472168,21.0,303.3580017089844,1348000.0,1337062.0,1342531.0,5469.0
1037.7085728950103,69.46037,1.6472168,21.0,303.3580017089844,1348000.0,1337062.0,1342531.0,5469.0
1652.932796431218,67.15764,1.0,19.0,303.3580017089844,1348000.0,1337062.0,1342531.0,5469.0
1442.1356453379317,67.15764,1.0,19.0,303.3580017089844,1348000.0,1337062.0,1342531.0,5469.0
581.3257616394324,108.88616,0.006459236,27.0,303.3580017089844,1348000.0,1337062.0,1342531.0,5469.0
587.138572139961,108.88616,0.006459236,27.0,303.3580017089844,1348000.0,1337062.0,1342531.0,5469.0
539.5686032841396,108.88616,0.006459236,27.0,303.3580017089844,1348000.0,1337062.0,1342531.0,5469.0
4168.512241294837,432.81372,0.30651855,16.0,303.3580017089844,1348000.0,1337062.0,1342531.0,5469.0
1530.5650011863088,65.88584,1.4545898,39.0,303.3580017089844,1348000.0,1337062.0,1342531.0,5469.0
1217.4254705991455,65.88584,1.4545898,39.0,303.3580017089844,1348000.0,1337062.0,1342531.0,5469.0
1122.4477208767332,86.777596,0.7753906,19.0,303.3580017089844,1348000.0,1337062.0,1342531.0,5469.0
1265.453695757725,86.777596,0.7753906,19.0,303.3580017089844,1348000.0,1337062.0,1342531.0,5469.0
854.4095544800919,94.056564,1.0463867,20.0,303.3580017089844,1348000.0,1337062.0,1342531.0,5469.0
760.736660032331,154.17656,0.8327637,34.0,303.3580017089844,1348000.0,1337062.0,1342531.0,5469.0
902.7244189639296,154.17656,0.8327637,34.0,303.3580017089844,1348000.0,1337062.0,1342531.0,5469.0
706.0481895421976,154.17656,0.8327637,34.0,303.3580017089844,1348000.0,1337062.0,1342531.0,5469.0
1542.8772780583265,130.14734,0.8104248,30.0,303.3580017089844,1348000.0,1337062.0,1342531.0,5469.0
1172.210685856682,130.14734,0.8104248,30.0,303.3580017089844,1348000.0,1337062.0,1342531.0,5469.0
1207.6252282141863,237.26747,0.25402832,14.0,303.3580017089844,1348000.0,1337062.0,1342531.0,5469.0
1018.7082641510485,146.55838,0.3678589,10.0,303.3580017089844,1348000.0,1337062.0,1342531.0,5469.0
1185.133746712711,146.55838,0.3678589,10.0,303.3580017089844,1348000.0,1337062.0,1342531.0,5469.0
1143.593483388842,68.69067,0.06355286,11.0,303.3580017089844,1348000.0,1337062.0,1342531.0,5469.0
852.072647723516,68.69067,0.06355286,11.0,303.3580017089844,1348000.0,1337062.0,1342531.0,5469.0
812.4798038750523,107.75225,0.74035645,22.0,303.3580017089844,1348000.0,1337062.0,1342531.0,5469.0
791.6267568565255,107.75225,0.74035645,22.0,303.3580017089844,1348000.0,1337062.0,1342531.0,5469.0
812.8056116953168,107.75225,0.74035645,22.0,303.3580017089844,1348000.0,1337062.0,1342531.0,5469.0
2206.251676450204,406.06635,0.5305176,14.0,303.3580017089844,1348000.0,1337062.0,1342531.0,5469.0
1385.3260851970888,85.57176,1.6376953,28.0,303.3580017089844,1348000.0,1337062.0,1342531.0,5469.0
1218.0440752781233,293.90384,1.184082,26.0,303.3580017089844,1348000.0,1337062.0,1342531.0,5469.0
1179.7055269400005,78.266235,0.20648193,24.0,303.3580017089844,1348000.0,1337062.0,1342531.0,5469.0
1226.380471275654,189.14554,2.3793945,13.0,303.3580017089844,1348000.0,1337062.0,1342531.0,5469.0
2416.291965984826,56.830654,2.074707,16.0,303.3580017089844,1348000.0,1337062.0,1342531.0,5469.0
1291.141062267112,56.830654,2.074707,16.0,303.3580017089844,1348000.0,1337062.0,1342531.0,5469.0
1015.8053175639757,207.35838,0.86828613,24.0,303.3580017089844,1348000.0,1337062.0,1342531.0,5469.0
985.5615900859934,207.35838,0.86828613,24.0,303.3580017089844,1348000.0,1337062.0,1342531.0,5469.0
1150.4507966125666,108.55115,0.8631592,15.0,303.3580017089844,1348000.0,1337062.0,1342531.0,5469.0
897.334693310481,108.55115,0.8631592,15.0,303.3580017089844,1348000.0,1337062.0,1342531.0,5469.0
1318.5343214067295,158.44923,1.0498047,28.0,303.3580017089844,1348000.0,1337062.0,1342531.0,5469.0
1097.5820687000994,158.44923,1.0498047,28.0,303.3580017089844,1348000.0,1337062.0,1342531.0,5469.0
1843.0669205776564,431.79056,0.5098877,35.0,303.3580017089844,1348000.0,1337062.0,1342531.0,5469.0
1547.1975159145393,122.5521,1.8945312,25.0,303.3580017089844,1348000.0,1337062.0,1342531.0,5469.0
1267.5287306444106,122.5521,1.8945312,25.0,303.3580017089844,1348000.0,1337062.0,1342531.0,5469.0
1476.3959287189252,74.259125,1.7814941,28.0,303.3580017089844,1348000.0,1337062.0,1342531.0,5469.0
1579.4250936438048,74.259125,1.7814941,28.0,303.3580017089844,1348000.0,1337062.0,1342531.0,5469.0
511.8333629101637,72.333046,0.16091919,31.0,303.3580017089844,1348000.0,1337062.0,1342531.0,5469.0
1618.6079416334067,383.81912,0.5958252,31.0,303.3580017089844,1348000.0,1337062.0,1342531.0,5469.0
1324.5901946156055,383.81912,0.5958252,31.0,303.3580017089844,1348000.0,1337062.0,1342531.0,5469.0
1807.791516279965,212.04797,0.3045044,23.0,303.3580017089844,1348000.0,1337062.0,1342531.0,5469.0
1443.4893072736709,192.06857,0.93725586,18.0,303.3580017089844,1348000.0,1337062.0,1342531.0,5469.0
1447.3410239819832,192.06857,0.93725586,18.0,303.3580017089844,1348000.0,1337062.0,1342531.0,5469.0
1428.7060598801602,125.85949,0.1592102,17.0,303.3580017089844,1348000.0,1337062.0,1342531.0,5469.0
1105.813703287757,125.85949,0.1592102,17.0,303.3580017089844,1348000.0,1337062.0,1342531.0,5469.0
478.37686531655373,96.38492,0.41748047,27.0,303.3580017089844,1348000.0,1337062.0,1342531.0,5469.0
512.0852891134608,96.38492,0.41748047,27.0,303.3580017089844,1348000.0,1337062.0,1342531.0,5469.0
896.5208284299906,112.22953,1.5969238,16.0,303.3580017089844,1348000.0,1337062.0,1342531.0,5469.0
833.3114144163341,112.22953,1.5969238,16.0,303.3580017089844,1348000.0,1337062.0,1342531.0,5469.0
1239.2779075159485,331.7609,0.20230103,36.0,303.3580017089844,1348000.0,1337062.0,1342531.0,5469.0
1332.9489497430259,135.41632,0.53186035,27.0,303.3580017089844,1348000.0,1337062.0,1342531.0,5469.0
873.5179762934514,135.41632,0.53186035,27.0,303.3580017089844,1348000.0,1337062.0,1342531.0,5469.0
1078.038647309255,63.701992,1.1818848,15.0,303.3580017089844,1348000.0,1337062.0,1342531.0,5469.0
1228.4487454949308,113.281204,0.17089844,36.0,303.3580017089844,1348000.0,1337062.0,1342531.0,5469.0
1775.435323197411,182.93193,0.3397827,19.0,303.3580017089844,1348000.0,1337062.0,1342531.0,5469.0
1187.4131988807853,182.93193,0.3397827,19.0,303.3580017089844,1348000.0,1337062.0,1342531.0,5469.0
1284.1178324939679,290.50452,0.90026855,15.0,303.3580017089844,1348000.0,1337062.0,1342531.0,5469.0
1304.6760337928674,290.50452,0.90026855,15.0,303.3580017089844,1348000.0,1337062.0,1342531.0,5469.0
1132.2071661725429,290.50452,0.90026855,15.0,303.3580017089844,1348000.0,1337062.0,1342531.0,5469.0
450.99452702938186,180.44794,0.5136719,23.0,303.3580017089844,1348000.0,1337062.0,1342531.0,5469.0
418.6482210777819,180.44794,0.5136719,23.0,303.3580017089844,1348000.0,1337062.0,1342531.0,5469.0
1864.8767154206964,346.2979,0.42022705,14.0,303.3580017089844,1348000.0,1337062.0,1342531.0,5469.0
1831.601951168503,346.2979,0.42022705,14.0,303.3580017089844,1348000.0,1337062.0,1342531.0,5469.0
744.9234409303314,194.83951,0.90844727,26.0,303.3580017089844,1348000.0,1337062.0,1342531.0,5469.0
1409.7864214216002,212.49803,0.43572998,17.0,303.3580017089844,1348000.0,1337062.0,1342531.0,5469.0
1940.2458066693348,312.9943,0.76586914,24.0,303.3580017089844,1348000.0,1337062.0,1342531.0,5469.0
462.56629194051504,312.9943,0.76586914,24.0,303.3580017089844,1348000.0,1337062.0,1342531.0,5469.0
467.66244221551807,312.9943,0.76586914,24.0,303.3580017089844,1348000.0,1337062.0,1342531.0,5469.0
752.8079054647849,126.6014,0.30651855,20.0,303.3580017089844,1348000.0,1337062.0,1342531.0,5469.0
1217.2040755729877,126.6014,0.30651855,20.0,303.3580017089844,1348000.0,1337062.0,1342531.0,5469.0
1141.723131601027,126.6014,0.30651855,20.0,303.3580017089844,1348000.0,1337062.0,1342531.0,5469.0
632.8089199046178,126.6014,0.30651855,20.0,303.3580017089844,1348000.0,1337062.0,1342531.0,5469.0
1293.053231756229,215.10725,0.34887695,26.0,303.3580017089844,1348000.0,1337062.0,1342531.0,5469.0
1253.148169106641,215.10725,0.34887695,26.0,303.3580017089844,1348000.0,1337062.0,1342531.0,5469.0
3076.355566839446,430.22568,0.6331787,20.0,303.3580017089844,1348000.0,1337062.0,1342531.0,5469.0
910.6510689046457,67.491005,0.06542969,19.0,303.3580017089844,1348000.0,1337062.0,1342531.0,5469.0
1002.1967413389943,67.491005,0.06542969,19.0,303.3580017089844,1348000.0,1337062.0,1342531.0,5469.0
1542.557970751606,330.31577,0.7281494,26.0,303.3580017089844,1348000.0,1337062.0,1342531.0,5469.0
1431.8481347254058,171.15991,0.53637695,25.0,303.3580017089844,1348000.0,1337062.0,1342531.0,5469.0
1404.638669048813,171.15991,0.53637695,25.0,303.3580017089844,1348000.0,1337062.0,1342531.0,5469.0
1091.4055985470213,171.15991,0.53637695,25.0,303.3580017089844,1348000.0,1337062.0,1342531.0,5469.0
1501.7429768370216,140.50711,0.42193604,26.0,303.3580017089844,1348000.0,1337062.0,1342531.0,5469.0
1527.5407114631828,140.50711,0.42193604,26.0,303.3580017089844,1348000.0,1337062.0,1342531.0,5469.0
1305.5717651271402,140.50711,0.42193604,26.0,303.3580017089844,1348000.0,1337062.0,1342531.0,5469.0
1054.9090896581172,290.45026,0.8996582,29.0,303.3580017089844,1348000.0,1337062.0,1342531.0,5469.0
1069.1555255553883,290.45026,0.8996582,29.0,303.3580017089844,1348000.0,1337062.0,1342531.0,5469.0
1085.1151490210286,108.49055,1.3696289,18.0,303.3580017089844,1348000.0,1337062.0,1342531.0,5469.0
1189.3841250841938,99.899796,0.8222656,27.0,303.3580017089844,1348000.0,1337062.0,1342531.0,5469.0
774.8421076866588,107.35767,0.5308838,23.0,303.3580017089844,1348000.0,1337062.0,1342531.0,5469.0
1580.8469262312894,248.52473,0.26190186,17.0,303.3580017089844,1348000.0,1337062.0,1342531.0,5469.0
1215.671245108292,248.52473,0.26190186,17.0,303.3580017089844,1348000.0,1337062.0,1342531.0,5469.0
891.3151201621982,77.54308,1.5627441,17.0,303.3580017089844,1348000.0,1337062.0,1342531.0,5469.0
542.1833382251999,173.52771,0.049079895,25.0,303.3580017089844,1348000.0,1337062.0,1342531.0,5469.0
1444.806283251644,169.28343,0.053840637,26.0,303.3580017089844,1348000.0,1337062.0,1342531.0,5469.0
1340.9741205012933,169.28343,0.053840637,26.0,303.3580017089844,1348000.0,1337062.0,1342531.0,5469.0
978.980761578283,78.58342,1.7915039,16.0,303.3580017089844,1348000.0,1337062.0,1342531.0,5469.0
1291.828887073172,205.52916,0.76000977,20.0,303.3580017089844,1348000.0,1337062.0,1342531.0,5469.0
621.2739926894639,110.09992,1.1142578,24.0,303.3580017089844,1348000.0,1337062.0,1342531.0,5469.0
574.0864218059801,110.09992,1.1142578,24.0,303.3580017089844,1348000.0,1337062.0,1342531.0,5469.0
1850.3367061971765,243.02283,0.56555176,20.0,303.3580017089844,1348000.0,1337062.0,1342531.0,5469.0
1921.4186071366703,243.02283,0.56555176,20.0,303.3580017089844,1348000.0,1337062.0,1342531.0,5469.0
1141.56717935667,135.13489,0.72424316,13.0,303.3580017089844,1348000.0,1337062.0,1342531.0,5469.0
1229.2105836314731,225.14003,1.1066895,37.0,303.3580017089844,1348000.0,1337062.0,1342531.0,5469.0
1662.0482433668162,120.48162,1.7768555,28.0,303.3580017089844,1348000.0,1337062.0,1342531.0,5469.0
1374.8167154246894,78.24873,0.09573364,13.0,-303.3580017089844,1348000.0,1337062.0,1342531.0,5469.0
1585.110900475517,142.2067,1.0114746,24.0,303.3580017089844,1348000.0,1337062.0,1342531.0,5469.0
1338.051946455435,409.5907,1.3989258,21.0,303.3580017089844,1348000.0,1337062.0,1342531.0,5469.0
1227.9508139890831,409.5907,1.3989258,21.0,303.3580017089844,1348000.0,1337062.0,1342531.0,5469.0
1206.7795085948308,409.5907,1.3989258,21.0,303.3580017089844,1348000.0,1337062.0,1342531.0,5469.0
1895.1354844918314,301.30145,0.7237549,22.0,303.3580017089844,1348000.0,1337062.0,1342531.0,5469.0
1452.7698498743982,88.739944,0.5028076,26.0,303.3580017089844,1348000.0,1337062.0,1342531.0,5469.0
1483.1431148040715,88.739944,0.5028076,26.0,303.3580017089844,1348000.0,1337062.0,1342531.0,5469.0
1846.6367100839034,96.80634,0.6817627,39.0,303.3580017089844,1348000.0,1337062.0,1342531.0,5469.0
1512.2781861943172,96.80634,0.6817627,39.0,303.3580017089844,1348000.0,1337062.0,1342531.0,5469.0
1583.71546186998,137.3345,0.2477417,23.0,303.3580017089844,1348000.0,1337062.0,1342531.0,5469.0
1679.938743460873,137.3345,0.2477417,23.0,303.3580017089844,1348000.0,1337062.0,1342531.0,5469.0
1585.1949156918865,137.3345,0.2477417,23.0,303.3580017089844,1348000.0,1337062.0,1342531.0,5469.0
438.4684937841798,179.61812,0.05809021,22.0,303.3580017089844,1348000.0,1337062.0,1342531.0,5469.0
1880.7548749609075,153.57764,2.0917969,21.0,303.3580017089844,1348000.0,1337062.0,1342531.0,5469.0
642.6892163271964,216.8676,0.12918091,29.0,303.3580017089844,1348000.0,1337062.0,1342531.0,5469.0
672.5011166798502,216.8676,0.12918091,29.0,303.3580017089844,1348000.0,1337062.0,1342531.0,5469.0
1538.125299609651,198.14236,1.220459,23.0,303.3580017089844,1348000.0,1337062.0,1342531.0,5469.0
1423.8799354581145,91.8198,0.0287323,20.0,303.3580017089844,1348000.0,1337062.0,1342531.0,5469.0
1738.80699144656,137.58012,0.5908203,15.0,303.3580017089844,1348000.0,1337062.0,1342531.0,5469.0
1620.4593176769754,137.58012,0.5908203,15.0,303.3580017089844,1348000.0,1337062.0,1342531.0,5469.0
390.91992335994007,99.43678,0.7050781,15.0,303.3580017089844,1348000.0,1337062.0,1342531.0,5469.0
808.5074303601739,99.43678,0.7050781,15.0,303.3580017089844,1348000.0,1337062.0,1342531.0,5469.0
1595.8252305688,121.949554,0.57006836,24.0,303.3580017089844,1348000.0,1337062.0,1342531.0,5469.0
1481.467894166631,121.949554,0.57006836,24.0,303.3580017089844,1348000.0,1337062.0,1342531.0,5469.0
1538.3588519063655,295.34802,0.5616455,29.0,303.3580017089844,1348000.0,1337062.0,1342531.0,5469.0
1163.8414719173174,295.34802,0.5616455,29.0,303.3580017089844,1348000.0,1337062.0,1342531.0,5469.0
1143.504811875271,311.50998,1.0146484,14.0,303.3580017089844,1348000.0,1337062.0,1342531.0,5469.0
1082.8031403761552,311.50998,1.0146484,14.0,303.3580017089844,1348000.0,1337062.0,1342531.0,5469.0
1732.8252999214385,79.01386,0.4138794,24.0,303.3580017089844,1348000.0,1337062.0,1342531.0,5469.0
1204.7411087759176,79.01386,0.4138794,24.0,303.3580017089844,1348000.0,1337062.0,1342531.0,5469.0
2069.0790005471954,341.55475,0.3916626,30.0,-303.3580017089844,1348000.0,1337062.0,1342531.0,5469.0
1455.8521282477755,341.55475,0.3916626,30.0,-303.3580017089844,1348000.0,1337062.0,1342531.0,5469.0
1707.0305928849473,61.09748,1.920166,18.0,303.3580017089844,1348000.0,1337062.0,1342531.0,5469.0
1425.8650246148004,61.09748,1.920166,18.0,303.3580017089844,1348000.0,1337062.0,1342531.0,5469.0
365.9466704394908,229.878,0.048324585,18.0,303.3580017089844,1348000.0,1337062.0,1342531.0,5469.0
2258.1330217673876,478.58807,0.33953857,20.0,303.3580017089844,1348000.0,1337062.0,1342531.0,5469.0
1708.8728399668735,478.58807,0.33953857,20.0,303.3580017089844,1348000.0,1337062.0,1342531.0,5469.0
2439.3840336887733,377.19284,1.0002441,17.0,303.3580017089844,1348000.0,1337062.0,1342531.0,5469.0
2621.238986984989,377.19284,1.0002441,17.0,303.3580017089844,1348000.0,1337062.0,1342531.0,5469.0
462.90711095190534,164.7442,0.20800781,30.0,303.3580017089844,1348000.0,1337062.0,1342531.0,5469.0
1756.2008063069534,177.98756,0.51672363,19.0,303.3580017089844,1348000.0,1337062.0,1342531.0,5469.0
810.5362001999449,177.98756,0.51672363,19.0,303.3580017089844,1348000.0,1337062.0,1342531.0,5469.0
1387.7173756938257,95.03712,0.55236816,24.0,303.3580017089844,1348000.0,1337062.0,1342531.0,5469.0
1480.35131500316,95.03712,0.55236816,24.0,303.3580017089844,1348000.0,1337062.0,1342531.0,5469.0
1353.9658744036699,127.80705,0.7416992,18.0,303.3580017089844,1348000.0,1337062.0,1342531.0,5469.0
1178.5079287979352,127.80705,0.7416992,18.0,303.3580017089844,1348000.0,1337062.0,1342531.0,5469.0
1433.2083030876372,271.65622,0.7076416,24.0,303.3580017089844,1348000.0,1337062.0,1342531.0,5469.0
1173.3027575048488,271.65622,0.7076416,24.0,303.3580017089844,1348000.0,1337062.0,1342531.0,5469.0
1555.1934128145986,477.09067,0.031303406,33.0,303.3580017089844,1348000.0,1337062.0,1342531.0,5469.0
758.9810946104452,66.829384,1.6530762,26.0,303.3580017089844,1348000.0,1337062.0,1342531.0,5469.0
1288.667810306561,66.829384,1.6530762,26.0,303.3580017089844,1348000.0,1337062.0,1342531.0,5469.0
1822.3277944306649,284.28674,0.6090088,18.0,303.3580017089844,1348000.0,1337062.0,1342531.0,5469.0
1374.088524814592,284.28674,0.6090088,18.0,303.3580017089844,1348000.0,1337062.0,1342531.0,5469.0
977.3161921250286,70.49818,1.0158691,17.0,303.3580017089844,1348000.0,1337062.0,1342531.0,5469.0
950.3453079317812,70.49818,1.0158691,17.0,303.3580017089844,1348000.0,1337062.0,1342531.0,5469.0
2133.0375802757917,230.38075,0.8668213,25.0,303.3580017089844,1348000.0,1337062.0,1342531.0,5469.0
2031.7357648809727,230.38075,0.8668213,25.0,303.3580017089844,1348000.0,1337062.0,1342531.0,5469.0
2162.072963399696,243.46098,0.049110413,21.0,303.3580017089844,1348000.0,1337062.0,1342531.0,5469.0
1790.2898380664344,243.46098,0.049110413,21.0,303.3580017089844,1348000.0,1337062.0,1342531.0,5469.0
1189.4153298904466,135.3299,0.99243164,17.0,303.3580017089844,1348000.0,1337062.0,1342531.0,5469.0
1433.1882589664863,94.8877,0.66516113,20.0,303.3580017089844,1348000.0,1337062.0,1342531.0,5469.0
1109.816306073798,94.8877,0.66516113,20.0,303.3580017089844,1348000.0,1337062.0,1342531.0,5469.0
1252.8574538907114,386.55527,1.1071777,18.0,303.3580017089844,1348000.0,1337062.0,1342531.0,5469.0
891.6299777488066,72.99968,1.4072266,18.0,303.3580017089844,1348000.0,1337062.0,1342531.0,5469.0
814.2450177659927,72.99968,1.4072266,18.0,303.3580017089844,1348000.0,1337062.0,1342531.0,5469.0
686.8803571606473,72.99968,1.4072266,18.0,303.3580017089844,1348000.0,1337062.0,1342531.0,5469.0
475.1959381341064,202.5741,0.63964844,27.0,303.3580017089844,1348000.0,1337062.0,1342531.0,5469.0
987.6054842879944,202.5741,0.63964844,27.0,303.3580017089844,1348000.0,1337062.0,1342531.0,5469.0
1645.1564919289597,76.4745,0.84436035,13.0,303.3580017089844,1348000.0,1337062.0,1342531.0,5469.0
982.3282634933533,128.3787,0.04108429,15.0,303.3580017089844,1348000.0,1337062.0,1342531.0,5469.0
599.252336135253,641.1425,0.67822266,37.0,303.3580017089844,1348000.0,1337062.0,1342531.0,5469.0
1183.717145969782,96.20272,1.369873,23.0,303.3580017089844,1348000.0,1337062.0,1342531.0,5469.0
1546.2220935375788,96.20272,1.369873,23.0,303.3580017089844,1348000.0,1337062.0,1342531.0,5469.0
992.490114877366,96.20272,1.369873,23.0,303.3580017089844,1348000.0,1337062.0,1342531.0,5469.0
1160.8394662041271,132.26274,0.2104187,20.0,303.3580017089844,1348000.0,1337062.0,1342531.0,5469.0
1041.8574427706146,121.89457,1.7871094,21.0,303.3580017089844,1348000.0,1337062.0,1342531.0,5469.0
2119.7270897584726,437.90234,0.1375122,20.0,303.3580017089844,1348000.0,1337062.0,1342531.0,5469.0
1281.9840902075018,169.12547,1.2070312,22.0,303.3580017089844,1348000.0,1337062.0,1342531.0,5469.0
1318.3534076156404,169.12547,1.2070312,22.0,303.3580017089844,1348000.0,1337062.0,1342531.0,5469.0
1800.8598738234723,195.89247,1.0078125,22.0,303.3580017089844,1348000.0,1337062.0,1342531.0,5469.0
1685.8656058526408,195.89247,1.0078125,22.0,303.3580017089844,1348000.0,1337062.0,1342531.0,5469.0
552.741505351021,372.42337,0.984375,11.0,303.3580017089844,1348000.0,1337062.0,1342531.0,5469.0
1937.7874950213954,194.10188,0.0036973953,33.0,303.3580017089844,1348000.0,1337062.0,1342531.0,5469.0
1460.7908081530547,118.33503,0.39874268,21.0,303.3580017089844,1348000.0,1337062.0,1342531.0,5469.0
1248.7427879497022,118.33503,0.39874268,21.0,303.3580017089844,1348000.0,1337062.0,1342531.0,5469.0
1422.3560898303942,401.76978,0.5196533,22.0,303.3580017089844,1348000.0,1337062.0,1342531.0,5469.0
1435.5012959588569,322.85583,1.2722168,17.0,303.3580017089844,1348000.0,1337062.0,1342531.0,5469.0
1514.8503742651692,105.64442,0.19979858,24.0,303.3580017089844,1348000.0,1337062.0,1342531.0,5469.0
1370.3887281615907,105.64442,0.19979858,24.0,303.3580017089844,1348000.0,1337062.0,1342531.0,5469.0
1311.5477470590304,105.64442,0.19979858,24.0,303.3580017089844,1348000.0,1337062.0,1342531.0,5469.0
1232.2933284388962,105.64442,0.19979858,24.0,303.3580017089844,1348000.0,1337062.0,1342531.0,5469.0
1146.482213985939,171.10664,0.5465088,17.0,303.3580017089844,1348000.0,1337062.0,1342531.0,5469.0
853.149939021102,171.10664,0.5465088,17.0,303.3580017089844,1348000.0,1337062.0,1342531.0,5469.0
2636.485427353099,101.60994,1.1311035,17.0,303.3580017089844,1348000.0,1337062.0,1342531.0,5469.0
657.7760425532902,101.60994,1.1311035,17.0,303.3580017089844,1348000.0,1337062.0,1342531.0,5469.0
1711.877687202637,167.66565,0.32781982,14.0,303.3580017089844,1348000.0,1337062.0,1342531.0,5469.0
1438.0104928989567,167.66565,0.32781982,14.0,303.3580017089844,1348000.0,1337062.0,1342531.0,5469.0
1330.0216855557417,167.66565,0.32781982,14.0,303.3580017089844,1348000.0,1337062.0,1342531.0,5469.0
2286.5167790442174,206.28386,1.3486328,14.0,303.3580017089844,1348000.0,1337062.0,1342531.0,5469.0
1574.9102004658046,206.28386,1.3486328,14.0,303.3580017089844,1348000.0,1337062.0,1342531.0,5469.0
1431.659733720591,111.79528,0.6855469,23.0,303.3580017089844,1348000.0,1337062.0,1342531.0,5469.0
617.9639229158581,290.73007,0.7369385,32.0,303.3580017089844,1348000.0,1337062.0,1342531.0,5469.0
501.79559508348234,290.73007,0.7369385,32.0,303.3580017089844,1348000.0,1337062.0,1342531.0,5469.0
1343.5252909867088,298.00754,0.87841797,31.0,303.3580017089844,1348000.0,1337062.0,1342531.0,5469.0
1209.3914683893877,298.00754,0.87841797,31.0,303.3580017089844,1348000.0,1337062.0,1342531.0,5469.0
1770.2340023418906,324.88596,0.85632324,20.0,303.3580017089844,1348000.0,1337062.0,1342531.0,5469.0
1264.4941562037027,68.52397,0.39154053,20.0,303.3580017089844,1348000.0,1337062.0,1342531.0,5469.0
1050.3460046695254,111.3667,1.2060547,19.0,303.3580017089844,1348000.0,1337062.0,1342531.0,5469.0
730.0612425323166,111.3667,1.2060547,19.0,303.3580017089844,1348000.0,1337062.0,1342531.0,5469.0
2058.7386567948347,368.2948,0.38684082,29.0,303.3580017089844,1348000.0,1337062.0,1342531.0,5469.0
1309.3533272414825,305.16757,0.032341003,14.0,303.3580017089844,1348000.0,1337062.0,1342531.0,5469.0
1069.1228113840966,305.16757,0.032341003,14.0,303.3580017089844,1348000.0,1337062.0,1342531.0,5469.0
1055.8306869037824,305.16757,0.032341003,14.0,303.3580017089844,1348000.0,1337062.0,1342531.0,5469.0
607.3131349248491,234.89413,1.1469727,18.0,303.3580017089844,1348000.0,1337062.0,1342531.0,5469.0
949.7530225300436,234.89413,1.1469727,18.0,303.3580017089844,1348000.0,1337062.0,1342531.0,5469.0
653.5621194535737,234.89413,1.1469727,18.0,303.3580017089844,1348000.0,1337062.0,1342531.0,5469.0
1069.460226403124,85.63572,1.5808105,20.0,303.3580017089844,1348000.0,1337062.0,1342531.0,5469.0
1369.116759246103,163.02826,0.39343262,18.0,-303.3580017089844,1348000.0,1337062.0,1342531.0,5469.0
1976.5074093678747,163.02826,0.39343262,18.0,-303.3580017089844,1348000.0,1337062.0,1342531.0,5469.0
1655.4220319228014,58.193943,2.1035156,23.0,303.3580017089844,1348000.0,1337062.0,1342531.0,5469.0
1248.5908103834472,58.193943,2.1035156,23.0,303.3580017089844,1348000.0,1337062.0,1342531.0,5469.0
727.4639386057672,175.71848,0.22000122,26.0,303.3580017089844,1348000.0,1337062.0,1342531.0,5469.0
580.525486797867,175.71848,0.22000122,26.0,303.3580017089844,1348000.0,1337062.0,1342531.0,5469.0
1319.829211895357,212.53316,1.5935059,23.0,303.3580017089844,1348000.0,1337062.0,1342531.0,5469.0
1236.2560524863954,212.53316,1.5935059,23.0,303.3580017089844,1348000.0,1337062.0,1342531.0,5469.0
1542.4950036221537,55.86732,0.9230957,29.0,303.3580017089844,1348000.0,1337062.0,1342531.0,5469.0
777.8387519658899,67.17398,1.6992188,34.0,303.3580017089844,1348000.0,1337062.0,1342531.0,5469.0
798.0493831521989,67.17398,1.6992188,34.0,303.3580017089844,1348000.0,1337062.0,1342531.0,5469.0
1466.918980186685,377.03973,0.6824951,19.0,303.3580017089844,1348000.0,1337062.0,1342531.0,5469.0
1291.107050785542,377.03973,0.6824951,19.0,303.3580017089844,1348000.0,1337062.0,1342531.0,5469.0
1275.497274334379,377.03973,0.6824951,19.0,303.3580017089844,1348000.0,1337062.0,1342531.0,5469.0
1303.9742768393594,58.381603,1.1174316,24.0,303.3580017089844,1348000.0,1337062.0,1342531.0,5469.0
1457.0737347779775,58.381603,1.1174316,24.0,303.3580017089844,1348000.0,1337062.0,1342531.0,5469.0
1373.9630927619994,82.46449,1.8151855,23.0,303.3580017089844,1348000.0,1337062.0,1342531.0,5469.0
1375.2274036218773,82.46449,1.8151855,23.0,303.3580017089844,1348000.0,1337062.0,1342531.0,5469.0
533.5256337014607,157.20242,1.1296387,30.0,303.3580017089844,1348000.0,1337062.0,1342531.0,5469.0
1734.6834281939166,83.069405,1.0371094,21.0,303.3580017089844,1348000.0,1337062.0,1342531.0,5469.0
1197.2743321497996,83.069405,1.0371094,21.0,303.3580017089844,1348000.0,1337062.0,1342531.0,5469.0
1345.6500144772874,98.98198,0.05406189,25.0,303.3580017089844,1348000.0,1337062.0,1342531.0,5469.0
1751.2767756109454,61.996326,0.14263916,18.0,303.3580017089844,1348000.0,1337062.0,1342531.0,5469.0
1161.8174848691874,177.94414,0.023880005,24.0,303.3580017089844,1348000.0,1337062.0,1342531.0,5469.0
1530.1310961225677,125.71593,0.087402344,24.0,-303.3580017089844,1348000.0,1337062.0,1342531.0,5469.0
1461.0282070878316,132.50174,0.12362671,10.0,303.3580017089844,1348000.0,1337062.0,1342531.0,5469.0
1192.7489653223174,132.50174,0.12362671,10.0,303.3580017089844,1348000.0,1337062.0,1342531.0,5469.0
3632.2761194886434,719.79584,0.046073914,29.0,303.3580017089844,1348000.0,1337062.0,1342531.0,5469.0
2606.520044071224,719.79584,0.046073914,29.0,303.3580017089844,1348000.0,1337062.0,1342531.0,5469.0
557.0082673200197,264.4137,0.54052734,26.0,303.3580017089844,1348000.0,1337062.0,1342531.0,5469.0
485.6416041241891,264.4137,0.54052734,26.0,303.3580017089844,1348000.0,1337062.0,1342531.0,5469.0
1289.5848897290114,127.62884,0.9156494,17.0,303.3580017089844,1348000.0,1337062.0,1342531.0,5469.0
1156.5995791680211,127.62884,0.9156494,17.0,303.3580017089844,1348000.0,1337062.0,1342531.0,5469.0
1075.1754822607352,127.62884,0.9156494,17.0,303.3580017089844,1348000.0,1337062.0,1342531.0,5469.0
1336.781449645535,65.45004,0.460083,18.0,303.3580017089844,1348000.0,1337062.0,1342531.0,5469.0
1128.2435226772884,65.45004,0.460083,18.0,303.3580017089844,1348000.0,1337062.0,1342531.0,5469.0
1022.6024394886582,77.43009,1.4108887,25.0,303.3580017089844,1348000.0,1337062.0,1342531.0,5469.0
1067.40480763348,77.43009,1.4108887,25.0,303.3580017089844,1348000.0,1337062.0,1342531.0,5469.0
1557.3872322202842,266.8365,1.9448242,7.0,303.3580017089844,1348000.0,1337062.0,1342531.0,5469.0
1257.7895322229228,121.45652,0.9559326,24.0,303.3580017089844,1348000.0,1337062.0,1342531.0,5469.0
882.3469142141578,121.45652,0.9559326,24.0,303.3580017089844,1348000.0,1337062.0,1342531.0,5469.0
2005.5362900096368,278.6279,0.2937622,24.0,303.3580017089844,1348000.0,1337062.0,1342531.0,5469.0
1798.6047890202924,278.6279,0.2937622,24.0,303.3580017089844,1348000.0,1337062.0,1342531.0,5469.0
1262.1744536482204,221.5328,0.967041,20.0,303.3580017089844,1348000.0,1337062.0,1342531.0,5469.0
1139.1058192377795,221.5328,0.967041,20.0,303.3580017089844,1348000.0,1337062.0,1342531.0,5469.0
1581.4046777166907,191.82295,0.40081787,17.0,303.3580017089844,1348000.0,1337062.0,1342531.0,5469.0
1243.828146163198,191.82295,0.40081787,17.0,303.3580017089844,1348000.0,1337062.0,1342531.0,5469.0
2210.6167091848984,246.42928,0.16525269,34.0,303.3580017089844,1348000.0,1337062.0,1342531.0,5469.0
1665.9464621522911,246.42928,0.16525269,34.0,303.3580017089844,1348000.0,1337062.0,1342531.0,5469.0
898.0462183260771,118.27278,0.14990234,9.0,303.3580017089844,1348000.0,1337062.0,1342531.0,5469.0
522.7305582526974,198.08093,0.23138428,17.0,303.3580017089844,1348000.0,1337062.0,1342531.0,5469.0
1065.624639902237,197.60518,0.5266113,27.0,303.3580017089844,1348000.0,1337062.0,1342531.0,5469.0
1197.0867938194342,87.76499,1.9755859,15.0,303.3580017089844,1348000.0,1337062.0,1342531.0,5469.0
1246.8955154183209,87.76499,1.9755859,15.0,303.3580017089844,1348000.0,1337062.0,1342531.0,5469.0
657.1012713077403,74.26656,0.5357666,30.0,303.3580017089844,1348000.0,1337062.0,1342531.0,5469.0
652.6293361217053,74.26656,0.5357666,30.0,303.3580017089844,1348000.0,1337062.0,1342531.0,5469.0
1057.867831652872,256.41394,0.11122131,26.0,303.3580017089844,1348000.0,1337062.0,1342531.0,5469.0
445.9119503844793,87.719246,0.2564087,23.0,303.3580017089844,1348000.0,1337062.0,1342531.0,5469.0
957.497477844219,120.67872,0.12597656,17.0,303.3580017089844,1348000.0,1337062.0,1342531.0,5469.0
1072.1627755782456,120.67872,0.12597656,17.0,303.3580017089844,1348000.0,1337062.0,1342531.0,5469.0
1325.6120254295067,381.7166,0.8729248,21.0,303.3580017089844,1348000.0,1337062.0,1342531.0,5469.0
1309.2063132077742,381.7166,0.8729248,21.0,303.3580017089844,1348000.0,1337062.0,1342531.0,5469.0
655.6422132192648,99.02157,1.2426758,15.0,303.3580017089844,1348000.0,1337062.0,1342531.0,5469.0
3079.2339267966804,275.0292,0.8088379,25.0,303.3580017089844,1348000.0,1337062.0,1342531.0,5469.0
2260.904197669074,275.0292,0.8088379,25.0,303.3580017089844,1348000.0,1337062.0,1342531.0,5469.0
2177.364961554064,225.99562,0.018974304,23.0,303.3580017089844,1348000.0,1337062.0,1342531.0,5469.0
1673.4295374706153,225.99562,0.018974304,23.0,303.3580017089844,1348000.0,1337062.0,1342531.0,5469.0
1833.1814919134965,355.4703,0.4874878,33.0,303.3580017089844,1348000.0,1337062.0,1342531.0,5469.0
1351.587998672301,103.26732,0.11051941,22.0,-303.3580017089844,1348000.0,1337062.0,1342531.0,5469.0
682.6354720570065,103.26732,0.11051941,22.0,-303.3580017089844,1348000.0,1337062.0,1342531.0,5469.0
1369.2373960385728,130.3141,1.0925293,35.0,303.3580017089844,1348000.0,1337062.0,1342531.0,5469.0
1300.1278495589431,130.3141,1.0925293,35.0,303.3580017089844,1348000.0,1337062.0,1342531.0,5469.0
1087.1551809866635,85.46819,0.41937256,24.0,303.3580017089844,1348000.0,1337062.0,1342531.0,5469.0
1190.4667237044202,56.60596,0.4199829,20.0,303.3580017089844,1348000.0,1337062.0,1342531.0,5469.0
1322.416369608839,228.20909,1.3349609,16.0,303.3580017089844,1348000.0,1337062.0,1342531.0,5469.0
1072.73399060149,116.37124,1.7531738,20.0,303.3580017089844,1348000.0,1337062.0,1342531.0,5469.0
842.2002270227513,116.37124,1.7531738,20.0,303.3580017089844,1348000.0,1337062.0,1342531.0,5469.0
980.052007985659,152.43933,0.45098877,16.0,303.3580017089844,1348000.0,1337062.0,1342531.0,5469.0
1416.090328361924,248.4347,0.727417,13.0,303.3580017089844,1348000.0,1337062.0,1342531.0,5469.0
558.1176386857022,93.02206,0.03113556,11.0,303.3580017089844,1348000.0,1337062.0,1342531.0,5469.0
560.9725732755084,93.02206,0.03113556,11.0,303.3580017089844,1348000.0,1337062.0,1342531.0,5469.0
1411.9075674994024,57.284744,1.3466797,13.0,303.3580017089844,1348000.0,1337062.0,1342531.0,5469.0
1296.753354848275,57.284744,1.3466797,13.0,303.3580017089844,1348000.0,1337062.0,1342531.0,5469.0
1618.5841132118567,135.4622,0.828125,20.0,303.3580017089844,1348000.0,1337062.0,1342531.0,5469.0
1034.8005403848176,135.4622,0.828125,20.0,303.3580017089844,1348000.0,1337062.0,1342531.0,5469.0
1400.5869503814147,70.720474,0.3295288,17.0,303.3580017089844,1348000.0,1337062.0,1342531.0,5469.0
1114.2152743726099,58.95738,0.23834229,34.0,303.3580017089844,1348000.0,1337062.0,1342531.0,5469.0
1577.8858738828615,176.41837,0.55859375,28.0,303.3580017089844,1348000.0,1337062.0,1342531.0,5469.0
461.4221035677766,540.4626,0.4013672,25.0,303.3580017089844,1348000.0,1337062.0,1342531.0,5469.0
676.9858579455963,540.4626,0.4013672,25.0,303.3580017089844,1348000.0,1337062.0,1342531.0,5469.0
1235.806956880903,184.20561,1.4621582,12.0,303.3580017089844,1348000.0,1337062.0,1342531.0,5469.0
925.6383383010444,184.20561,1.4621582,12.0,303.3580017089844,1348000.0,1337062.0,1342531.0,5469.0
1257.2788852666488,81.60715,1.0852051,14.0,303.3580017089844,1348000.0,1337062.0,1342531.0,5469.0
652.2784690304591,81.60715,1.0852051,14.0,303.3580017089844,1348000.0,1337062.0,1342531.0,5469.0
1013.0118532419166,116.47899,0.15545654,32.0,303.3580017089844,1348000.0,1337062.0,1342531.0,5469.0
1202.039297242218,117.82472,0.14556885,18.0,303.3580017089844,1348000.0,1337062.0,1342531.0,5469.0
1140.1313248708916,117.82472,0.14556885,18.0,303.3580017089844,1348000.0,1337062.0,1342531.0,5469.0
1348.782293279843,293.55215,0.3821411,24.0,303.3580017089844,1348000.0,1337062.0,1342531.0,5469.0
1194.1897258086797,293.55215,0.3821411,24.0,303.3580017089844,1348000.0,1337062.0,1342531.0,5469.0
1341.3362763217717,138.30693,1.5358887,32.0,303.3580017089844,1348000.0,1337062.0,1342531.0,5469.0
1056.6603054679624,138.30693,1.5358887,32.0,303.3580017089844,1348000.0,1337062.0,1342531.0,5469.0
1207.6802090715144,101.73512,0.3554077,17.0,303.3580017089844,1348000.0,1337062.0,1342531.0,5469.0
1085.6517043386132,212.36224,0.20050049,24.0,303.3580017089844,1348000.0,1337062.0,1342531.0,5469.0
1058.97972731662,212.36224,0.20050049,24.0,303.3580017089844,1348000.0,1337062.0,1342531.0,5469.0
1381.7440804621829,81.52639,1.5429688,16.0,303.3580017089844,1348000.0,1337062.0,1342531.0,5469.0
1446.944785592755,81.52639,1.5429688,16.0,303.3580017089844,1348000.0,1337062.0,1342531.0,5469.0
1528.6255891115359,364.2686,1.0378418,23.0,303.3580017089844,1348000.0,1337062.0,1342531.0,5469.0
1190.6266531341669,142.11934,0.13708496,22.0,303.3580017089844,1348000.0,1337062.0,1342531.0,5469.0
1238.6834077354388,142.11934,0.13708496,22.0,303.3580017089844,1348000.0,1337062.0,1342531.0,5469.0
1936.4083563775268,173.93346,1.4958496,24.0,303.3580017089844,1348000.0,1337062.0,1342531.0,5469.0
1470.6251267296668,173.93346,1.4958496,24.0,303.3580017089844,1348000.0,1337062.0,1342531.0,5469.0
1718.0024204217177,72.31523,0.5994873,24.0,303.3580017089844,1348000.0,1337062.0,1342531.0,5469.0
1290.6766496120047,72.31523,0.5994873,24.0,303.3580017089844,1348000.0,1337062.0,1342531.0,5469.0
2057.746553666467,319.16974,0.51257324,26.0,303.3580017089844,1348000.0,1337062.0,1342531.0,5469.0
2083.0665693163264,319.16974,0.51257324,26.0,303.3580017089844,1348000.0,1337062.0,1342531.0,5469.0
1458.4291051511068,84.271675,0.7310791,23.0,303.3580017089844,1348000.0,1337062.0,1342531.0,5469.0
1119.3343240109746,84.271675,0.7310791,23.0,303.3580017089844,1348000.0,1337062.0,1342531.0,5469.0
705.1088317735049,112.19724,0.11791992,18.0,303.3580017089844,1348000.0,1337062.0,1342531.0,5469.0
679.9445747278365,112.19724,0.11791992,18.0,303.3580017089844,1348000.0,1337062.0,1342531.0,5469.0
1152.1176956207664,105.24628,0.2328186,34.0,303.3580017089844,1348000.0,1337062.0,1342531.0,5469.0
1122.9265330751302,105.24628,0.2328186,34.0,303.3580017089844,1348000.0,1337062.0,1342531.0,5469.0
882.1102974442219,246.35147,0.9859619,19.0,303.3580017089844,1348000.0,1337062.0,1342531.0,5469.0
794.1568480560395,246.35147,0.9859619,19.0,303.3580017089844,1348000.0,1337062.0,1342531.0,5469.0
978.7178959555346,246.35147,0.9859619,19.0,303.3580017089844,1348000.0,1337062.0,1342531.0,5469.0
3008.3901456293747,113.932846,0.70532227,21.0,303.3580017089844,1348000.0,1337062.0,1342531.0,5469.0
2528.3166605495935,113.932846,0.70532227,21.0,303.3580017089844,1348000.0,1337062.0,1342531.0,5469.0
1636.8530979993782,136.8375,0.04361725,27.0,303.3580017089844,1348000.0,1337062.0,1342531.0,5469.0
893.094021985154,72.811195,0.13928223,15.0,303.3580017089844,1348000.0,1337062.0,1342531.0,5469.0
1253.2956579176346,130.43068,0.69592285,18.0,303.3580017089844,1348000.0,1337062.0,1342531.0,5469.0
1291.7940855087006,130.43068,0.69592285,18.0,303.3580017089844,1348000.0,1337062.0,1342531.0,5469.0
1927.1451666663081,97.7693,0.2861328,15.0,303.3580017089844,1348000.0,1337062.0,1342531.0,5469.0
1495.8150620943127,97.7693,0.2861328,15.0,303.3580017089844,1348000.0,1337062.0,1342531.0,5469.0
2468.7189815174975,297.23587,0.72717285,12.0,303.3580017089844,1348000.0,1337062.0,1342531.0,5469.0
1187.4618273343372,223.52083,0.54089355,23.0,303.3580017089844,1348000.0,1337062.0,1342531.0,5469.0
1086.942685664681,223.52083,0.54089355,23.0,303.3580017089844,1348000.0,1337062.0,1342531.0,5469.0
1956.9516759516707,68.35264,1.3508301,35.0,303.3580017089844,1348000.0,1337062.0,1342531.0,5469.0
1756.1655543262495,68.35264,1.3508301,35.0,303.3580017089844,1348000.0,1337062.0,1342531.0,5469.0
666.802109278258,83.85561,0.5963135,8.0,303.3580017089844,1348000.0,1337062.0,1342531.0,5469.0
645.7156367697319,83.85561,0.5963135,8.0,303.3580017089844,1348000.0,1337062.0,1342531.0,5469.0
1933.8590056049256,253.07277,0.6533203,15.0,-303.3580017089844,1348000.0,1337062.0,1342531.0,5469.0
2055.028421946493,253.07277,0.6533203,15.0,-303.3580017089844,1348000.0,1337062.0,1342531.0,5469.0
1588.9714711704357,253.07277,0.6533203,15.0,-303.3580017089844,1348000.0,1337062.0,1342531.0,5469.0
1273.198723756236,73.036,1.265625,17.0,303.3580017089844,1348000.0,1337062.0,1342531.0,5469.0
1230.1084649810555,158.59926,0.7758789,23.0,303.3580017089844,1348000.0,1337062.0,1342531.0,5469.0
898.4560026122869,158.59926,0.7758789,23.0,303.3580017089844,1348000.0,1337062.0,1342531.0,5469.0
677.7561558558508,127.40606,0.52856445,14.0,303.3580017089844,1348000.0,1337062.0,1342531.0,5469.0
587.3465614642196,127.40606,0.52856445,14.0,303.3580017089844,1348000.0,1337062.0,1342531.0,5469.0
2262.6929563117365,124.23969,1.0751953,23.0,303.3580017089844,1348000.0,1337062.0,1342531.0,5469.0
1359.4988701751452,220.70946,0.08143616,13.0,303.3580017089844,1348000.0,1337062.0,1342531.0,5469.0
1206.959336280046,220.70946,0.08143616,13.0,303.3580017089844,1348000.0,1337062.0,1342531.0,5469.0
2628.663517102891,413.00598,0.07507324,13.0,303.3580017089844,1348000.0,1337062.0,1342531.0,5469.0
1738.9908899862678,413.00598,0.07507324,13.0,303.3580017089844,1348000.0,1337062.0,1342531.0,5469.0
1513.4884822807253,312.2026,0.081100464,15.0,303.3580017089844,1348000.0,1337062.0,1342531.0,5469.0
1192.9614593516994,312.2026,0.081100464,15.0,303.3580017089844,1348000.0,1337062.0,1342531.0,5469.0
1700.3895845634695,118.65288,0.7324219,17.0,303.3580017089844,1348000.0,1337062.0,1342531.0,5469.0
1351.7084277296217,221.98761,1.3847656,19.0,303.3580017089844,1348000.0,1337062.0,1342531.0,5469.0
1313.6138030856405,221.98761,1.3847656,19.0,303.3580017089844,1348000.0,1337062.0,1342531.0,5469.0
1940.564451935551,162.79274,1.4753418,14.0,303.3580017089844,1348000.0,1337062.0,1342531.0,5469.0
1731.3289215748375,68.40712,1.2546387,17.0,303.3580017089844,1348000.0,1337062.0,1342531.0,5469.0
1453.7116208326281,72.46672,1.0183105,22.0,303.3580017089844,1348000.0,1337062.0,1342531.0,5469.0
1228.1520338825421,152.28915,0.01896286,17.0,303.3580017089844,1348000.0,1337062.0,1342531.0,5469.0
874.3735911841223,152.28915,0.01896286,17.0,303.3580017089844,1348000.0,1337062.0,1342531.0,5469.0
880.0435420530301,152.28915,0.01896286,17.0,303.3580017089844,1348000.0,1337062.0,1342531.0,5469.0
1676.403680941949,279.75278,0.11790466,20.0,303.3580017089844,1348000.0,1337062.0,1342531.0,5469.0
1185.107332081756,106.73329,1.1328125,21.0,303.3580017089844,1348000.0,1337062.0,1342531.0,5469.0
1227.6338502923422,106.73329,1.1328125,21.0,303.3580017089844,1348000.0,1337062.0,1342531.0,5469.0
1257.2647910198211,93.1391,1.2138672,15.0,303.3580017089844,1348000.0,1337062.0,1342531.0,5469.0
1087.761909568088,93.1391,1.2138672,15.0,303.3580017089844,1348000.0,1337062.0,1342531.0,5469.0
447.3990623577075,83.04369,0.6154785,34.0,303.3580017089844,1348000.0,1337062.0,1342531.0,5469.0
406.43260503324416,83.04369,0.6154785,34.0,303.3580017089844,1348000.0,1337062.0,1342531.0,5469.0
648.6876291050339,98.904945,1.5703125,24.0,303.3580017089844,1348000.0,1337062.0,1342531.0,5469.0
740.6537508356383,103.80645,1.286377,27.0,303.3580017089844,1348000.0,1337062.0,1342531.0,5469.0
570.8610696681687,103.80645,1.286377,27.0,303.3580017089844,1348000.0,1337062.0,1342531.0,5469.0
1673.9907630999921,169.27948,0.951416,26.0,303.3580017089844,1348000.0,1337062.0,1342531.0,5469.0
713.2239178970079,169.27948,0.951416,26.0,303.3580017089844,1348000.0,1337062.0,1342531.0,5469.0
1201.2762878114527,169.27948,0.951416,26.0,303.3580017089844,1348000.0,1337062.0,1342531.0,5469.0
853.8536195602819,66.227905,0.43103027,19.0,303.3580017089844,1348000.0,1337062.0,1342531.0,5469.0
782.164079929637,75.57528,0.5550537,7.0,303.3580017089844,1348000.0,1337062.0,1342531.0,5469.0
1140.849115258314,89.012314,0.51660156,16.0,303.3580017089844,1348000.0,1337062.0,1342531.0,5469.0
1163.7018241836445,89.012314,0.51660156,16.0,303.3580017089844,1348000.0,1337062.0,1342531.0,5469.0
1184.232602640922,102.319405,0.70825195,19.0,303.3580017089844,1348000.0,1337062.0,1342531.0,5469.0
1485.4200462826595,102.319405,0.70825195,19.0,303.3580017089844,1348000.0,1337062.0,1342531.0,5469.0
995.1233246602741,102.319405,0.70825195,19.0,303.3580017089844,1348000.0,1337062.0,1342531.0,5469.0
2197.262815968374,303.1322,0.22009277,20.0,-303.3580017089844,1348000.0,1337062.0,1342531.0,5469.0
1808.4282712455724,303.1322,0.22009277,20.0,-303.3580017089844,1348000.0,1337062.0,1342531.0,5469.0
1657.1375014265836,212.45967,0.07853699,12.0,303.3580017089844,1348000.0,1337062.0,1342531.0,5469.0
1433.3140524515206,212.45967,0.07853699,12.0,303.3580017089844,1348000.0,1337062.0,1342531.0,5469.0
1327.4646120546684,57.208176,0.32061768,21.0,303.3580017089844,1348000.0,1337062.0,1342531.0,5469.0
1202.4228819679563,57.208176,0.32061768,21.0,303.3580017089844,1348000.0,1337062.0,1342531.0,5469.0
777.5584726184195,121.83405,0.24417114,24.0,303.3580017089844,1348000.0,1337062.0,1342531.0,5469.0
1107.1831174994463,147.73824,0.7720947,17.0,303.3580017089844,1348000.0,1337062.0,1342531.0,5469.0
984.9181744791545,147.73824,0.7720947,17.0,303.3580017089844,1348000.0,1337062.0,1342531.0,5469.0
1006.4254276422195,117.63831,0.12945557,27.0,303.3580017089844,1348000.0,1337062.0,1342531.0,5469.0
934.1960330232853,117.63831,0.12945557,27.0,303.3580017089844,1348000.0,1337062.0,1342531.0,5469.0
1372.577692117875,112.39284,0.41748047,12.0,303.3580017089844,1348000.0,1337062.0,1342531.0,5469.0
1487.8193024249942,173.95415,0.5969238,23.0,303.3580017089844,1348000.0,1337062.0,1342531.0,5469.0
1174.8489316190999,125.05044,0.66430664,28.0,303.3580017089844,1348000.0,1337062.0,1342531.0,5469.0
578.7114675290649,114.06892,0.6439209,19.0,303.3580017089844,1348000.0,1337062.0,1342531.0,5469.0
585.1158664959905,114.06892,0.6439209,19.0,303.3580017089844,1348000.0,1337062.0,1342531.0,5469.0
1312.5015823631527,284.6313,0.00628376,20.0,303.3580017089844,1348000.0,1337062.0,1342531.0,5469.0
1283.091234581922,284.6313,0.00628376,20.0,303.3580017089844,1348000.0,1337062.0,1342531.0,5469.0
1578.703764088931,326.82867,1.4162598,27.0,303.3580017089844,1348000.0,1337062.0,1342531.0,5469.0
724.9536353907131,75.3582,1.137207,23.0,303.3580017089844,1348000.0,1337062.0,1342531.0,5469.0
1354.7467398322574,140.05972,0.6011963,26.0,303.3580017089844,1348000.0,1337062.0,1342531.0,5469.0
1604.1433810352237,214.40276,0.22940063,19.0,303.3580017089844,1348000.0,1337062.0,1342531.0,5469.0
1418.4949237639332,214.40276,0.22940063,19.0,303.3580017089844,1348000.0,1337062.0,1342531.0,5469.0
962.0003641877584,74.54453,0.9884033,20.0,303.3580017089844,1348000.0,1337062.0,1342531.0,5469.0
828.8118097952021,74.54453,0.9884033,20.0,303.3580017089844,1348000.0,1337062.0,1342531.0,5469.0
991.1367086409657,76.73173,1.2617188,20.0,303.3580017089844,1348000.0,1337062.0,1342531.0,5469.0
1194.690394436429,174.95454,0.9552002,23.0,303.3580017089844,1348000.0,1337062.0,1342531.0,5469.0
1243.8998176809107,64.17587,1.190918,19.0,303.3580017089844,1348000.0,1337062.0,1342531.0,5469.0
963.3668117012154,64.17587,1.190918,19.0,303.3580017089844,1348000.0,1337062.0,1342531.0,5469.0
1292.7322640890154,153.14941,1.043457,18.0,303.3580017089844,1348000.0,1337062.0,1342531.0,5469.0
645.402782077787,77.006325,0.37091064,26.0,303.3580017089844,1348000.0,1337062.0,1342531.0,5469.0
1572.206519341892,284.01917,1.5356445,20.0,303.3580017089844,1348000.0,1337062.0,1342531.0,5469.0
1224.431899853281,284.01917,1.5356445,20.0,303.3580017089844,1348000.0,1337062.0,1342531.0,5469.0
1610.0627459030372,217.17561,0.19781494,24.0,303.3580017089844,1348000.0,1337062.0,1342531.0,5469.0
1005.2791548554849,172.61317,0.2197876,27.0,303.3580017089844,1348000.0,1337062.0,1342531.0,5469.0
867.1327792995415,172.61317,0.2197876,27.0,303.3580017089844,1348000.0,1337062.0,1342531.0,5469.0
1936.8585139902127,78.490295,0.52111816,22.0,303.3580017089844,1348000.0,1337062.0,1342531.0,5469.0
1589.9388786378424,78.490295,0.52111816,22.0,303.3580017089844,1348000.0,1337062.0,1342531.0,5469.0
1535.83003584649,78.490295,0.52111816,22.0,303.3580017089844,1348000.0,1337062.0,1342531.0,5469.0
1156.4069552301783,104.109436,2.2768555,15.0,303.3580017089844,1348000.0,1337062.0,1342531.0,5469.0
2052.468970238759,342.6412,0.6376953,23.0,303.3580017089844,1348000.0,1337062.0,1342531.0,5469.0
1645.925630639042,342.6412,0.6376953,23.0,303.3580017089844,1348000.0,1337062.0,1342531.0,5469.0
1156.8479509922215,139.16452,0.32635498,25.0,303.3580017089844,1348000.0,1337062.0,1342531.0,5469.0
1469.5081723142546,334.10425,0.5079346,22.0,303.3580017089844,1348000.0,1337062.0,1342531.0,5469.0
1281.1390886811425,334.10425,0.5079346,22.0,303.3580017089844,1348000.0,1337062.0,1342531.0,5469.0
1311.0491201422292,130.31519,0.8588867,22.0,303.3580017089844,1348000.0,1337062.0,1342531.0,5469.0
572.9029307740005,97.60574,0.13302612,13.0,303.3580017089844,1348000.0,1337062.0,1342531.0,5469.0
1160.0841965959203,74.09263,0.85046387,22.0,-303.3580017089844,1348000.0,1337062.0,1342531.0,5469.0
941.4069233784655,74.09263,0.85046387,22.0,-303.3580017089844,1348000.0,1337062.0,1342531.0,5469.0
614.3311197189289,92.0302,0.2723999,15.0,303.3580017089844,1348000.0,1337062.0,1342531.0,5469.0
2060.4109657860727,80.44193,0.48486328,19.0,303.3580017089844,1348000.0,1337062.0,1342531.0,5469.0
1322.4353886432912,99.16484,0.68188477,28.0,303.3580017089844,1348000.0,1337062.0,1342531.0,5469.0
1262.8524510832624,99.16484,0.68188477,28.0,303.3580017089844,1348000.0,1337062.0,1342531.0,5469.0
2197.093162474465,196.53143,0.9749756,14.0,303.3580017089844,1348000.0,1337062.0,1342531.0,5469.0
457.1190989786446,145.10304,0.6053467,27.0,303.3580017089844,1348000.0,1337062.0,1342531.0,5469.0
437.6835828434375,145.10304,0.6053467,27.0,303.3580017089844,1348000.0,1337062.0,1342531.0,5469.0
1175.8121380302632,112.93239,1.4572754,23.0,303.3580017089844,1348000.0,1337062.0,1342531.0,5469.0
1205.0643024311998,112.93239,1.4572754,23.0,303.3580017089844,1348000.0,1337062.0,1342531.0,5469.0
1300.9641342209695,84.90667,0.3116455,19.0,303.3580017089844,1348000.0,1337062.0,1342531.0,5469.0
1021.4181784903215,84.90667,0.3116455,19.0,303.3580017089844,1348000.0,1337062.0,1342531.0,5469.0
1028.883869809154,65.49753,1.4802246,9.0,303.3580017089844,1348000.0,1337062.0,1342531.0,5469.0
886.4172659263963,65.49753,1.4802246,9.0,303.3580017089844,1348000.0,1337062.0,1342531.0,5469.0
1584.8235232216716,78.36261,0.49017334,32.0,303.3580017089844,1348000.0,1337062.0,1342531.0,5469.0
1369.057271562066,78.36261,0.49017334,32.0,303.3580017089844,1348000.0,1337062.0,1342531.0,5469.0
1204.2370971245275,120.8173,1.2207031,16.0,303.3580017089844,1348000.0,1337062.0,1342531.0,5469.0
1049.363944673712,120.8173,1.2207031,16.0,303.3580017089844,1348000.0,1337062.0,1342531.0,5469.0
1192.9076041917422,83.67816,1.4265137,23.0,303.3580017089844,1348000.0,1337062.0,1342531.0,5469.0
1029.2912125425403,63.49834,1.0856934,14.0,303.3580017089844,1348000.0,1337062.0,1342531.0,5469.0
908.3393381858958,63.49834,1.0856934,14.0,303.3580017089844,1348000.0,1337062.0,1342531.0,5469.0
1985.746267710184,427.2844,1.1459961,25.0,303.3580017089844,1348000.0,1337062.0,1342531.0,5469.0
1619.6023467498012,427.2844,1.1459961,25.0,303.3580017089844,1348000.0,1337062.0,1342531.0,5469.0
1415.8214321917283,427.2844,1.1459961,25.0,303.3580017089844,1348000.0,1337062.0,1342531.0,5469.0
1463.040089128411,97.36372,0.08526611,35.0,303.3580017089844,1348000.0,1337062.0,1342531.0,5469.0
714.8234329515537,118.284645,1.092041,9.0,303.3580017089844,1348000.0,1337062.0,1342531.0,5469.0
718.8065120029561,118.284645,1.092041,9.0,303.3580017089844,1348000.0,1337062.0,1342531.0,5469.0
1285.7549270955874,97.24672,0.56469727,34.0,303.3580017089844,1348000.0,1337062.0,1342531.0,5469.0
1208.5605654795372,97.24672,0.56469727,34.0,303.3580017089844,1348000.0,1337062.0,1342531.0,5469.0
1327.259130196485,57.73588,1.0805664,8.0,303.3580017089844,1348000.0,1337062.0,1342531.0,5469.0
1446.4372190997171,57.73588,1.0805664,8.0,303.3580017089844,1348000.0,1337062.0,1342531.0,5469.0
1351.8549382090046,129.38162,1.5166016,20.0,303.3580017089844,1348000.0,1337062.0,1342531.0,5469.0
1797.8225194785089,106.615005,0.7406006,28.0,303.3580017089844,1348000.0,1337062.0,1342531.0,5469.0
1525.6988187303848,106.615005,0.7406006,28.0,303.3580017089844,1348000.0,1337062.0,1342531.0,5469.0
1364.173751379385,106.615005,0.7406006,28.0,303.3580017089844,1348000.0,1337062.0,1342531.0,5469.0
834.8021037449173,200.56572,1.1079102,13.0,303.3580017089844,1348000.0,1337062.0,1342531.0,5469.0
1129.177642930104,63.62778,0.4366455,24.0,303.3580017089844,1348000.0,1337062.0,1342531.0,5469.0
830.0258073457406,63.62778,0.4366455,24.0,303.3580017089844,1348000.0,1337062.0,1342531.0,5469.0
1373.7924949318547,268.8985,1.0837402,20.0,303.3580017089844,1348000.0,1337062.0,1342531.0,5469.0
1375.9687730224614,74.06054,1.767334,36.0,303.3580017089844,1348000.0,1337062.0,1342531.0,5469.0
1566.9395881095595,74.06054,1.767334,36.0,303.3580017089844,1348000.0,1337062.0,1342531.0,5469.0
2040.7594827731036,330.0359,0.4360962,21.0,303.3580017089844,1348000.0,1337062.0,1342531.0,5469.0
1623.4128595172654,330.0359,0.4360962,21.0,303.3580017089844,1348000.0,1337062.0,1342531.0,5469.0
1229.7389402394429,359.13632,1.2175293,26.0,303.3580017089844,1348000.0,1337062.0,1342531.0,5469.0
1050.3868520847684,190.95229,0.036621094,22.0,303.3580017089844,1348000.0,1337062.0,1342531.0,5469.0
1026.251860392371,190.95229,0.036621094,22.0,303.3580017089844,1348000.0,1337062.0,1342531.0,5469.0
973.614138203549,190.95229,0.036621094,22.0,303.3580017089844,1348000.0,1337062.0,1342531.0,5469.0
946.6968218108573,190.95229,0.036621094,22.0,303.3580017089844,1348000.0,1337062.0,1342531.0,5469.0
1265.0738561753735,131.72502,0.65356445,18.0,303.3580017089844,1348000.0,1337062.0,1342531.0,5469.0
1860.6486902576144,202.98439,0.26635742,35.0,303.3580017089844,1348000.0,1337062.0,1342531.0,5469.0
684.4049983974288,144.77254,0.39117432,29.0,303.3580017089844,1348000.0,1337062.0,1342531.0,5469.0
599.8521276780982,144.77254,0.39117432,29.0,303.3580017089844,1348000.0,1337062.0,1342531.0,5469.0
1420.1027373678187,399.68997,0.2600708,11.0,303.3580017089844,1348000.0,1337062.0,1342531.0,5469.0
787.9780067036411,102.809,1.0668945,22.0,303.3580017089844,1348000.0,1337062.0,1342531.0,5469.0
1462.0619556019033,120.16623,0.4880371,25.0,303.3580017089844,1348000.0,1337062.0,1342531.0,5469.0
1044.9668828086997,210.5804,0.009365082,16.0,303.3580017089844,1348000.0,1337062.0,1342531.0,5469.0
927.1242676008085,210.5804,0.009365082,16.0,303.3580017089844,1348000.0,1337062.0,1342531.0,5469.0
1292.2373325524748,316.2744,0.60717773,16.0,303.3580017089844,1348000.0,1337062.0,1342531.0,5469.0
1646.5775604991943,64.02874,0.2579956,23.0,303.3580017089844,1348000.0,1337062.0,1342531.0,5469.0
1354.9280101403176,64.02874,0.2579956,23.0,303.3580017089844,1348000.0,1337062.0,1342531.0,5469.0
880.3294356503507,155.0046,0.26049805,29.0,303.3580017089844,1348000.0,1337062.0,1342531.0,5469.0
500.7765307442768,210.15092,0.43103027,20.0,303.3580017089844,1348000.0,1337062.0,1342531.0,5469.0
1801.915466072889,210.15092,0.43103027,20.0,303.3580017089844,1348000.0,1337062.0,1342531.0,5469.0
1689.128768446632,346.646,0.30578613,21.0,303.3580017089844,1348000.0,1337062.0,1342531.0,5469.0
1670.9278573170861,346.646,0.30578613,21.0,303.3580017089844,1348000.0,1337062.0,1342531.0,5469.0
1238.6696406409483,127.45186,1.3735352,27.0,303.3580017089844,1348000.0,1337062.0,1342531.0,5469.0
813.227412862498,127.45186,1.3735352,27.0,303.3580017089844,1348000.0,1337062.0,1342531.0,5469.0
1124.169901038336,122.102036,0.28814697,23.0,303.3580017089844,1348000.0,1337062.0,1342531.0,5469.0
947.6896304717426,122.102036,0.28814697,23.0,303.3580017089844,1348000.0,1337062.0,1342531.0,5469.0
1713.5844108925526,105.08211,0.5480957,24.0,303.3580017089844,1348000.0,1337062.0,1342531.0,5469.0
1292.4896401169076,105.08211,0.5480957,24.0,303.3580017089844,1348000.0,1337062.0,1342531.0,5469.0
1364.589330736884,105.08211,0.5480957,24.0,303.3580017089844,1348000.0,1337062.0,1342531.0,5469.0
1467.4898902992259,299.71683,0.6036377,33.0,303.3580017089844,1348000.0,1337062.0,1342531.0,5469.0
1341.0427545655077,299.71683,0.6036377,33.0,303.3580017089844,1348000.0,1337062.0,1342531.0,5469.0
1264.6410445074944,252.45975,1.0390625,18.0,303.3580017089844,1348000.0,1337062.0,1342531.0,5469.0
1948.4735671187616,186.28947,1.6164551,15.0,-303.3580017089844,1348000.0,1337062.0,1342531.0,5469.0
1588.9056465963884,186.28947,1.6164551,15.0,-303.3580017089844,1348000.0,1337062.0,1342531.0,5469.0
1026.1883654215123,98.1104,0.27618408,30.0,303.3580017089844,1348000.0,1337062.0,1342531.0,5469.0
822.9742499809126,180.6723,1.934082,24.0,303.3580017089844,1348000.0,1337062.0,1342531.0,5469.0
1888.99522072978,126.26554,1.9616699,16.0,303.3580017089844,1348000.0,1337062.0,1342531.0,5469.0
763.4471480236417,126.26554,1.9616699,16.0,303.3580017089844,1348000.0,1337062.0,1342531.0,5469.0
798.9476247837563,126.26554,1.9616699,16.0,303.3580017089844,1348000.0,1337062.0,1342531.0,5469.0
1570.978705686056,70.47753,1.4001465,22.0,303.3580017089844,1348000.0,1337062.0,1342531.0,5469.0
948.2958065945575,70.47753,1.4001465,22.0,303.3580017089844,1348000.0,1337062.0,1342531.0,5469.0
1596.3801824351503,205.42969,0.021884918,14.0,303.3580017089844,1348000.0,1337062.0,1342531.0,5469.0
1073.812392098127,205.42969,0.021884918,14.0,303.3580017089844,1348000.0,1337062.0,1342531.0,5469.0
1249.8074864884716,226.7602,0.40875244,19.0,303.3580017089844,1348000.0,1337062.0,1342531.0,5469.0
1103.2434802881976,226.7602,0.40875244,19.0,303.3580017089844,1348000.0,1337062.0,1342531.0,5469.0
1387.0205657965569,134.72997,0.0017383099,18.0,303.3580017089844,1348000.0,1337062.0,1342531.0,5469.0
742.0736189047008,328.311,1.114502,20.0,303.3580017089844,1348000.0,1337062.0,1342531.0,5469.0
383.4270655789472,328.311,1.114502,20.0,303.3580017089844,1348000.0,1337062.0,1342531.0,5469.0
1614.0179751075977,112.367485,1.4165039,13.0,303.3580017089844,1348000.0,1337062.0,1342531.0,5469.0
1093.1563276821453,85.91763,0.41400146,37.0,303.3580017089844,1348000.0,1337062.0,1342531.0,5469.0
1203.578989641172,85.91763,0.41400146,37.0,303.3580017089844,1348000.0,1337062.0,1342531.0,5469.0
1583.2122270744578,157.95074,0.5628662,18.0,303.3580017089844,1348000.0,1337062.0,1342531.0,5469.0
1280.2839942432936,101.46902,0.06893921,15.0,303.3580017089844,1348000.0,1337062.0,1342531.0,5469.0
1547.3756860008154,101.46902,0.06893921,15.0,303.3580017089844,1348000.0,1337062.0,1342531.0,5469.0
1712.3252181978464,140.08951,0.682251,17.0,303.3580017089844,1348000.0,1337062.0,1342531.0,5469.0
1574.4151933632247,175.47032,0.529541,34.0,303.3580017089844,1348000.0,1337062.0,1342531.0,5469.0
1629.2277046150464,175.47032,0.529541,34.0,303.3580017089844,1348000.0,1337062.0,1342531.0,5469.0
1985.7619023908633,184.39505,0.4356079,13.0,303.3580017089844,1348000.0,1337062.0,1342531.0,5469.0
1825.4987006397664,184.39505,0.4356079,13.0,303.3580017089844,1348000.0,1337062.0,1342531.0,5469.0
1668.7457969096988,184.39505,0.4356079,13.0,303.3580017089844,1348000.0,1337062.0,1342531.0,5469.0
2656.4910880751513,64.53624,0.3703003,21.0,303.3580017089844,1348000.0,1337062.0,1342531.0,5469.0
432.880709826122,64.53624,0.3703003,21.0,303.3580017089844,1348000.0,1337062.0,1342531.0,5469.0
2556.401182297941,158.77385,1.2702637,20.0,-303.3580017089844,1348000.0,1337062.0,1342531.0,5469.0
996.0504728922228,154.5771,0.59350586,25.0,-303.3580017089844,1348000.0,1337062.0,1342531.0,5469.0
834.112600139182,78.03286,1.0957031,21.0,303.3580017089844,1348000.0,1337062.0,1342531.0,5469.0
1664.142903940266,289.07266,0.37677002,25.0,303.3580017089844,1348000.0,1337062.0,1342531.0,5469.0
1472.5995304978442,289.07266,0.37677002,25.0,303.3580017089844,1348000.0,1337062.0,1342531.0,5469.0
1157.720523404196,175.16727,0.75512695,24.0,303.3580017089844,1348000.0,1337062.0,1342531.0,5469.0
1456.5675050295094,249.56776,0.1288147,18.0,303.3580017089844,1348000.0,1337062.0,1342531.0,5469.0
1422.8589032921334,249.56776,0.1288147,18.0,303.3580017089844,1348000.0,1337062.0,1342531.0,5469.0
1337.6044653729189,184.57564,1.5671387,32.0,303.3580017089844,1348000.0,1337062.0,1342531.0,5469.0
1147.871315546553,184.57564,1.5671387,32.0,303.3580017089844,1348000.0,1337062.0,1342531.0,5469.0
1798.3725694481823,226.26862,0.48864746,30.0,303.3580017089844,1348000.0,1337062.0,1342531.0,5469.0
1366.339965389617,226.26862,0.48864746,30.0,303.3580017089844,1348000.0,1337062.0,1342531.0,5469.0
1232.0301004179937,86.500595,1.2600098,16.0,303.3580017089844,1348000.0,1337062.0,1342531.0,5469.0
1555.060822826694,60.854874,1.2514648,26.0,303.3580017089844,1348000.0,1337062.0,1342531.0,5469.0
1426.0643820515206,60.854874,1.2514648,26.0,303.3580017089844,1348000.0,1337062.0,1342531.0,5469.0
1312.7843617557392,60.854874,1.2514648,26.0,303.3580017089844,1348000.0,1337062.0,1342531.0,5469.0
1487.0384121132597,166.68329,0.15219116,26.0,-303.3580017089844,1348000.0,1337062.0,1342531.0,5469.0
1299.2355213829267,126.931564,0.2033081,17.0,303.3580017089844,1348000.0,1337062.0,1342531.0,5469.0
1088.9316135341917,126.931564,0.2033081,17.0,303.3580017089844,1348000.0,1337062.0,1342531.0,5469.0
1003.961888514069,126.931564,0.2033081,17.0,303.3580017089844,1348000.0,1337062.0,1342531.0,5469.0
1978.258589664242,147.62401,1.4345703,15.0,303.3580017089844,1348000.0,1337062.0,1342531.0,5469.0
1340.7468901819313,147.62401,1.4345703,15.0,303.3580017089844,1348000.0,1337062.0,1342531.0,5469.0
883.0550476542167,100.70232,1.7180176,13.0,303.3580017089844,1348000.0,1337062.0,1342531.0,5469.0
722.1525872472829,100.70232,1.7180176,13.0,303.3580017089844,1348000.0,1337062.0,1342531.0,5469.0
779.0710752247359,100.70232,1.7180176,13.0,303.3580017089844,1348000.0,1337062.0,1342531.0,5469.0
2306.990684589905,367.0045,1.3894043,26.0,303.3580017089844,1348000.0,1337062.0,1342531.0,5469.0
1767.779082505595,367.0045,1.3894043,26.0,303.3580017089844,1348000.0,1337062.0,1342531.0,5469.0
827.4462481107341,152.45312,0.8112793,15.0,303.3580017089844,1348000.0,1337062.0,1342531.0,5469.0
1865.740174217987,75.50945,0.11109924,17.0,303.3580017089844,1348000.0,1337062.0,1342531.0,5469.0
1270.5670610011034,75.50945,0.11109924,17.0,303.3580017089844,1348000.0,1337062.0,1342531.0,5469.0
817.9807224751181,69.67468,0.5957031,22.0,303.3580017089844,1348000.0,1337062.0,1342531.0,5469.0
801.4409608549046,69.67468,0.5957031,22.0,303.3580017089844,1348000.0,1337062.0,1342531.0,5469.0
1180.2650923707895,106.89319,1.2678223,22.0,303.3580017089844,1348000.0,1337062.0,1342531.0,5469.0
1516.3308755296353,106.89319,1.2678223,22.0,303.3580017089844,1348000.0,1337062.0,1342531.0,5469.0
647.1205653825673,111.02455,0.7487793,25.0,303.3580017089844,1348000.0,1337062.0,1342531.0,5469.0
2447.7513201502493,416.01788,0.26324463,24.0,303.3580017089844,1348000.0,1337062.0,1342531.0,5469.0
2320.6344046638633,416.01788,0.26324463,24.0,303.3580017089844,1348000.0,1337062.0,1342531.0,5469.0
1584.1623682458508,113.767586,1.1555176,12.0,303.3580017089844,1348000.0,1337062.0,1342531.0,5469.0
1887.0128539942637,113.767586,1.1555176,12.0,303.3580017089844,1348000.0,1337062.0,1342531.0,5469.0
1526.3727099622224,179.92546,1.2126465,27.0,303.3580017089844,1348000.0,1337062.0,1342531.0,5469.0
1510.1899665680614,179.92546,1.2126465,27.0,303.3580017089844,1348000.0,1337062.0,1342531.0,5469.0
1347.8376402021324,226.15327,0.8466797,19.0,303.3580017089844,1348000.0,1337062.0,1342531.0,5469.0
485.78643945067586,128.59225,1.2817383,31.0,303.3580017089844,1348000.0,1337062.0,1342531.0,5469.0
1309.8940608816788,228.19946,0.027328491,27.0,303.3580017089844,1348000.0,1337062.0,1342531.0,5469.0
1544.892063770552,360.50104,0.12295532,23.0,303.3580017089844,1348000.0,1337062.0,1342531.0,5469.0
1335.9116847366645,360.50104,0.12295532,23.0,303.3580017089844,1348000.0,1337062.0,1342531.0,5469.0
1315.5679194718348,360.50104,0.12295532,23.0,303.3580017089844,1348000.0,1337062.0,1342531.0,5469.0
1574.1290914677159,163.27174,0.48657227,26.0,303.3580017089844,1348000.0,1337062.0,1342531.0,5469.0
926.1710537652621,163.27174,0.48657227,26.0,303.3580017089844,1348000.0,1337062.0,1342531.0,5469.0
1046.33672998399,158.92929,0.4557495,24.0,303.3580017089844,1348000.0,1337062.0,1342531.0,5469.0
1138.703936270814,181.06682,0.6900635,21.0,303.3580017089844,1348000.0,1337062.0,1342531.0,5469.0
781.0124557269878,181.06682,0.6900635,21.0,303.3580017089844,1348000.0,1337062.0,1342531.0,5469.0
1279.4830438383165,176.5213,1.3288574,24.0,303.3580017089844,1348000.0,1337062.0,1342531.0,5469.0
1018.6301867903231,176.5213,1.3288574,24.0,303.3580017089844,1348000.0,1337062.0,1342531.0,5469.0
1353.6861431719956,161.09303,1.9440918,18.0,303.3580017089844,1348000.0,1337062.0,1342531.0,5469.0
1563.7267516181676,92.193565,1.1118164,36.0,303.3580017089844,1348000.0,1337062.0,1342531.0,5469.0
1290.0195611473089,111.95799,0.64489746,19.0,303.3580017089844,1348000.0,1337062.0,1342531.0,5469.0
1212.4295601176614,111.95799,0.64489746,19.0,303.3580017089844,1348000.0,1337062.0,1342531.0,5469.0
1186.418996519562,111.95799,0.64489746,19.0,303.3580017089844,1348000.0,1337062.0,1342531.0,5469.0
842.8400015054066,112.2949,1.1643066,17.0,303.3580017089844,1348000.0,1337062.0,1342531.0,5469.0
773.9722697233509,112.2949,1.1643066,17.0,303.3580017089844,1348000.0,1337062.0,1342531.0,5469.0
1220.170438787023,72.4483,0.047950745,37.0,303.3580017089844,1348000.0,1337062.0,1342531.0,5469.0
903.8091097347731,72.4483,0.047950745,37.0,303.3580017089844,1348000.0,1337062.0,1342531.0,5469.0
710.3113151946136,72.4483,0.047950745,37.0,303.3580017089844,1348000.0,1337062.0,1342531.0,5469.0
1094.9961088263199,72.4483,0.047950745,37.0,303.3580017089844,1348000.0,1337062.0,1342531.0,5469.0
1034.422237249901,84.396736,0.15185547,34.0,303.3580017089844,1348000.0,1337062.0,1342531.0,5469.0
520.7709811021854,196.8847,0.34277344,37.0,303.3580017089844,1348000.0,1337062.0,1342531.0,5469.0
616.7975901049941,196.8847,0.34277344,37.0,303.3580017089844,1348000.0,1337062.0,1342531.0,5469.0
1965.350581269865,249.64412,0.15893555,23.0,303.3580017089844,1348000.0,1337062.0,1342531.0,5469.0
466.60722002863963,249.64412,0.15893555,23.0,303.3580017089844,1348000.0,1337062.0,1342531.0,5469.0
1576.6566721832849,159.05885,1.3125,13.0,-303.3580017089844,1348000.0,1337062.0,1342531.0,5469.0
1512.2295621368767,159.05885,1.3125,13.0,-303.3580017089844,1348000.0,1337062.0,1342531.0,5469.0
1493.6406080325976,155.87334,1.0668945,15.0,303.3580017089844,1348000.0,1337062.0,1342531.0,5469.0
1672.719730038884,155.87334,1.0668945,15.0,303.3580017089844,1348000.0,1337062.0,1342531.0,5469.0
1432.133976782282,239.25082,0.5649414,16.0,303.3580017089844,1348000.0,1337062.0,1342531.0,5469.0
1367.2835129849273,362.53384,1.1435547,14.0,303.3580017089844,1348000.0,1337062.0,1342531.0,5469.0
1293.1895192630836,362.53384,1.1435547,14.0,303.3580017089844,1348000.0,1337062.0,1342531.0,5469.0
2756.978561516007,107.67539,0.23336792,15.0,303.3580017089844,1348000.0,1337062.0,1342531.0,5469.0
1962.1519338016008,107.67539,0.23336792,15.0,303.3580017089844,1348000.0,1337062.0,1342531.0,5469.0
770.6983135637847,82.50979,1.0214844,32.0,303.3580017089844,1348000.0,1337062.0,1342531.0,5469.0
727.2932627620696,82.50979,1.0214844,32.0,303.3580017089844,1348000.0,1337062.0,1342531.0,5469.0
1460.8735998516252,237.96355,0.23898315,26.0,303.3580017089844,1348000.0,1337062.0,1342531.0,5469.0
1283.7792516646045,237.96355,0.23898315,26.0,303.3580017089844,1348000.0,1337062.0,1342531.0,5469.0
1140.9955200128954,237.96355,0.23898315,26.0,303.3580017089844,1348000.0,1337062.0,1342531.0,5469.0
887.9903186426508,91.93506,1.1296387,16.0,303.3580017089844,1348000.0,1337062.0,1342531.0,5469.0
1855.6792660471401,176.26646,0.9223633,24.0,303.3580017089844,1348000.0,1337062.0,1342531.0,5469.0
1511.3083503409955,176.26646,0.9223633,24.0,303.3580017089844,1348000.0,1337062.0,1342531.0,5469.0
1797.7049635917358,113.9048,0.17605591,15.0,303.3580017089844,1348000.0,1337062.0,1342531.0,5469.0
1343.065863861637,113.9048,0.17605591,15.0,303.3580017089844,1348000.0,1337062.0,1342531.0,5469.0
511.69525612735157,69.41088,0.22680664,20.0,303.3580017089844,1348000.0,1337062.0,1342531.0,5469.0
1008.5133800788055,103.59349,1.0981445,20.0,-303.3580017089844,1348000.0,1337062.0,1342531.0,5469.0
1344.2894658700598,103.59349,1.0981445,20.0,-303.3580017089844,1348000.0,1337062.0,1342531.0,5469.0
1126.9346888151865,103.97556,0.83081055,18.0,303.3580017089844,1348000.0,1337062.0,1342531.0,5469.0
1221.778480781549,103.97556,0.83081055,18.0,303.3580017089844,1348000.0,1337062.0,1342531.0,5469.0
3004.671791765332,333.81125,0.6069336,37.0,303.3580017089844,1348000.0,1337062.0,1342531.0,5469.0
2401.896221208646,333.81125,0.6069336,37.0,303.3580017089844,1348000.0,1337062.0,1342531.0,5469.0
1913.1436172275692,235.53629,0.22286987,23.0,303.3580017089844,1348000.0,1337062.0,1342531.0,5469.0
1567.3047277616438,235.53629,0.22286987,23.0,303.3580017089844,1348000.0,1337062.0,1342531.0,5469.0
2600.049108171733,93.16159,0.954834,20.0,303.3580017089844,1348000.0,1337062.0,1342531.0,5469.0
1971.48809322906,93.16159,0.954834,20.0,303.3580017089844,1348000.0,1337062.0,1342531.0,5469.0
1894.3944451109373,191.47882,0.34173584,13.0,-303.3580017089844,1348000.0,1337062.0,1342531.0,5469.0
1508.0715757328298,191.47882,0.34173584,13.0,-303.3580017089844,1348000.0,1337062.0,1342531.0,5469.0
1415.484369719842,166.65488,1.0808105,19.0,-303.3580017089844,1348000.0,1337062.0,1342531.0,5469.0
1435.4911085494155,166.65488,1.0808105,19.0,-303.3580017089844,1348000.0,1337062.0,1342531.0,5469.0
1944.7717832178703,128.20377,0.21884155,19.0,303.3580017089844,1348000.0,1337062.0,1342531.0,5469.0
1925.8195206434857,128.20377,0.21884155,19.0,303.3580017089844,1348000.0,1337062.0,1342531.0,5469.0
1128.1803346027023,229.4308,0.13067627,26.0,303.3580017089844,1348000.0,1337062.0,1342531.0,5469.0
582.9114680355823,229.4308,0.13067627,26.0,303.3580017089844,1348000.0,1337062.0,1342531.0,5469.0
615.6600839463767,229.4308,0.13067627,26.0,303.3580017089844,1348000.0,1337062.0,1342531.0,5469.0
1456.865319062175,231.47978,1.0358887,12.0,303.3580017089844,1348000.0,1337062.0,1342531.0,5469.0
688.4540757438984,109.99106,0.7807617,23.0,303.3580017089844,1348000.0,1337062.0,1342531.0,5469.0
750.7735651784321,109.99106,0.7807617,23.0,303.3580017089844,1348000.0,1337062.0,1342531.0,5469.0
1140.0945782200642,191.35822,0.57141113,24.0,303.3580017089844,1348000.0,1337062.0,1342531.0,5469.0
953.1999835251162,191.35822,0.57141113,24.0,303.3580017089844,1348000.0,1337062.0,1342531.0,5469.0
1807.1225308734129,141.42506,0.6324463,21.0,303.3580017089844,1348000.0,1337062.0,1342531.0,5469.0
1089.9318854007977,141.42506,0.6324463,21.0,303.3580017089844,1348000.0,1337062.0,1342531.0,5469.0
878.8416303400089,605.73,0.48480225,34.0,303.3580017089844,1348000.0,1337062.0,1342531.0,5469.0
428.00368689383356,605.73,0.48480225,34.0,303.3580017089844,1348000.0,1337062.0,1342531.0,5469.0
885.7633258743641,106.15341,0.63061523,17.0,303.3580017089844,1348000.0,1337062.0,1342531.0,5469.0
786.2502186024259,106.15341,0.63061523,17.0,303.3580017089844,1348000.0,1337062.0,1342531.0,5469.0
827.894281975597,106.15341,0.63061523,17.0,303.3580017089844,1348000.0,1337062.0,1342531.0,5469.0
748.1072982116998,91.948364,0.6068115,14.0,303.3580017089844,1348000.0,1337062.0,1342531.0,5469.0
785.7776004940393,56.67604,1.3432617,13.0,303.3580017089844,1348000.0,1337062.0,1342531.0,5469.0
690.2033049578051,356.56876,0.10559082,18.0,303.3580017089844,1348000.0,1337062.0,1342531.0,5469.0
1991.852765378401,178.542,0.22894287,23.0,303.3580017089844,1348000.0,1337062.0,1342531.0,5469.0
2077.478799582575,178.542,0.22894287,23.0,303.3580017089844,1348000.0,1337062.0,1342531.0,5469.0
1121.9340741249732,135.82378,0.4743042,31.0,303.3580017089844,1348000.0,1337062.0,1342531.0,5469.0
987.9027625728327,135.82378,0.4743042,31.0,303.3580017089844,1348000.0,1337062.0,1342531.0,5469.0
1867.0703795585732,395.9173,0.74523926,21.0,303.3580017089844,1348000.0,1337062.0,1342531.0,5469.0
1468.378229430098,395.9173,0.74523926,21.0,303.3580017089844,1348000.0,1337062.0,1342531.0,5469.0
1365.6059993281513,395.9173,0.74523926,21.0,303.3580017089844,1348000.0,1337062.0,1342531.0,5469.0
837.0193973721607,73.11475,0.6373291,14.0,303.3580017089844,1348000.0,1337062.0,1342531.0,5469.0
772.8255351075996,73.11475,0.6373291,14.0,303.3580017089844,1348000.0,1337062.0,1342531.0,5469.0
1866.4452443265627,104.92886,0.7861328,17.0,303.3580017089844,1348000.0,1337062.0,1342531.0,5469.0
1696.4062696382996,104.92886,0.7861328,17.0,303.3580017089844,1348000.0,1337062.0,1342531.0,5469.0
1695.972759544857,104.92886,0.7861328,17.0,303.3580017089844,1348000.0,1337062.0,1342531.0,5469.0
1363.2156518398747,156.56479,1.5129395,15.0,303.3580017089844,1348000.0,1337062.0,1342531.0,5469.0
568.2423980269491,76.39039,0.6689453,29.0,303.3580017089844,1348000.0,1337062.0,1342531.0,5469.0
519.8624020037262,76.39039,0.6689453,29.0,303.3580017089844,1348000.0,1337062.0,1342531.0,5469.0
1585.8386975714686,233.60039,0.46118164,19.0,303.3580017089844,1348000.0,1337062.0,1342531.0,5469.0
753.9374159051266,162.02193,0.5546875,30.0,303.3580017089844,1348000.0,1337062.0,1342531.0,5469.0
1564.7466869653,91.916916,1.7375488,21.0,303.3580017089844,1348000.0,1337062.0,1342531.0,5469.0
922.2853886799203,137.5724,1.104248,30.0,303.3580017089844,1348000.0,1337062.0,1342531.0,5469.0
978.6035002992521,137.5724,1.104248,30.0,303.3580017089844,1348000.0,1337062.0,1342531.0,5469.0
1952.7210668116848,99.07606,1.0463867,22.0,303.3580017089844,1348000.0,1337062.0,1342531.0,5469.0
1281.6067469293905,225.1699,1.5141602,17.0,303.3580017089844,1348000.0,1337062.0,1342531.0,5469.0
1200.5722938144363,225.1699,1.5141602,17.0,303.3580017089844,1348000.0,1337062.0,1342531.0,5469.0
947.1105933240082,191.07718,0.9897461,13.0,303.3580017089844,1348000.0,1337062.0,1342531.0,5469.0
1129.106052851116,501.1053,1.0449219,12.0,303.3580017089844,1348000.0,1337062.0,1342531.0,5469.0
999.6654935026219,65.84642,0.4074707,24.0,303.3580017089844,1348000.0,1337062.0,1342531.0,5469.0
952.6335932352591,65.84642,0.4074707,24.0,303.3580017089844,1348000.0,1337062.0,1342531.0,5469.0
835.9148621037596,176.63109,0.4647827,20.0,303.3580017089844,1348000.0,1337062.0,1342531.0,5469.0
1157.328538116358,121.1304,0.5975342,21.0,303.3580017089844,1348000.0,1337062.0,1342531.0,5469.0
1083.5300835685277,121.1304,0.5975342,21.0,303.3580017089844,1348000.0,1337062.0,1342531.0,5469.0
436.4997289100594,70.02592,0.0124492645,19.0,303.3580017089844,1348000.0,1337062.0,1342531.0,5469.0
768.0932888587847,70.02592,0.0124492645,19.0,303.3580017089844,1348000.0,1337062.0,1342531.0,5469.0
569.2023904953846,70.02592,0.0124492645,19.0,303.3580017089844,1348000.0,1337062.0,1342531.0,5469.0
1403.1298969944487,252.38495,0.8206787,15.0,303.3580017089844,1348000.0,1337062.0,1342531.0,5469.0
1358.1603266632035,252.38495,0.8206787,15.0,303.3580017089844,1348000.0,1337062.0,1342531.0,5469.0
808.9509699445001,77.95415,1.2692871,18.0,303.3580017089844,1348000.0,1337062.0,1342531.0,5469.0
863.8679526143893,77.95415,1.2692871,18.0,303.3580017089844,1348000.0,1337062.0,1342531.0,5469.0
1161.9668385884154,76.08591,0.53967285,18.0,303.3580017089844,1348000.0,1337062.0,1342531.0,5469.0
1310.3068497877061,76.08591,0.53967285,18.0,303.3580017089844,1348000.0,1337062.0,1342531.0,5469.0
1384.8931516657321,191.2865,0.65966797,28.0,303.3580017089844,1348000.0,1337062.0,1342531.0,5469.0
1482.8721708714434,191.2865,0.65966797,28.0,303.3580017089844,1348000.0,1337062.0,1342531.0,5469.0
1570.0064800312527,66.24546,0.7529297,23.0,303.3580017089844,1348000.0,1337062.0,1342531.0,5469.0
498.9357260985795,121.28846,0.29034424,14.0,303.3580017089844,1348000.0,1337062.0,1342531.0,5469.0
492.43301843919966,121.28846,0.29034424,14.0,303.3580017089844,1348000.0,1337062.0,1342531.0,5469.0
1335.739415591961,338.92972,1.3024902,23.0,303.3580017089844,1348000.0,1337062.0,1342531.0,5469.0
1326.2986092470444,338.92972,1.3024902,23.0,303.3580017089844,1348000.0,1337062.0,1342531.0,5469.0
1647.5273934145032,130.6441,1.5593262,17.0,303.3580017089844,1348000.0,1337062.0,1342531.0,5469.0
1313.9491190873491,145.03633,1.1955566,21.0,303.3580017089844,1348000.0,1337062.0,1342531.0,5469.0
1128.9853659439432,101.27399,0.9211426,19.0,303.3580017089844,1348000.0,1337062.0,1342531.0,5469.0
1066.128854235378,106.46383,0.3555298,27.0,303.3580017089844,1348000.0,1337062.0,1342531.0,5469.0
868.4281059331904,106.46383,0.3555298,27.0,303.3580017089844,1348000.0,1337062.0,1342531.0,5469.0
1320.8584431488312,119.030495,0.6055908,27.0,303.3580017089844,1348000.0,1337062.0,1342531.0,5469.0
815.0428673039709,119.030495,0.6055908,27.0,303.3580017089844,1348000.0,1337062.0,1342531.0,5469.0
1801.9651546857826,217.82045,0.40985107,23.0,303.3580017089844,1348000.0,1337062.0,1342531.0,5469.0
2091.4849570408815,161.43903,1.3864746,32.0,-303.3580017089844,1348000.0,1337062.0,1342531.0,5469.0
1391.6937790942584,161.43903,1.3864746,32.0,-303.3580017089844,1348000.0,1337062.0,1342531.0,5469.0
2751.573589585701,103.536026,0.43029785,14.0,303.3580017089844,1348000.0,1337062.0,1342531.0,5469.0
2323.8888582609807,269.5648,0.1184082,19.0,303.3580017089844,1348000.0,1337062.0,1342531.0,5469.0
2268.6145750471896,269.5648,0.1184082,19.0,303.3580017089844,1348000.0,1337062.0,1342531.0,5469.0
1787.937189723586,359.95688,0.092926025,15.0,303.3580017089844,1348000.0,1337062.0,1342531.0,5469.0
1424.2070283089688,359.95688,0.092926025,15.0,303.3580017089844,1348000.0,1337062.0,1342531.0,5469.0
389.83910195794704,151.7001,0.11564636,33.0,303.3580017089844,1348000.0,1337062.0,1342531.0,5469.0
777.8865434801793,151.7001,0.11564636,33.0,303.3580017089844,1348000.0,1337062.0,1342531.0,5469.0
1433.046648528336,69.22211,1.2070312,39.0,303.3580017089844,1348000.0,1337062.0,1342531.0,5469.0
1170.1079431973603,134.76015,0.25494385,30.0,303.3580017089844,1348000.0,1337062.0,1342531.0,5469.0
1094.2637515365054,134.76015,0.25494385,30.0,303.3580017089844,1348000.0,1337062.0,1342531.0,5469.0
598.2759559227136,115.16033,0.64331055,28.0,303.3580017089844,1348000.0,1337062.0,1342531.0,5469.0
540.3206167686371,115.16033,0.64331055,28.0,303.3580017089844,1348000.0,1337062.0,1342531.0,5469.0
1242.5581143130985,143.08864,0.07929993,14.0,303.3580017089844,1348000.0,1337062.0,1342531.0,5469.0
858.6038791659386,143.08864,0.07929993,14.0,303.3580017089844,1348000.0,1337062.0,1342531.0,5469.0
1584.8439855354004,179.47328,0.21676636,22.0,303.3580017089844,1348000.0,1337062.0,1342531.0,5469.0
1275.086478270646,179.47328,0.21676636,22.0,303.3580017089844,1348000.0,1337062.0,1342531.0,5469.0
786.2481050734281,85.62251,0.08061218,20.0,303.3580017089844,1348000.0,1337062.0,1342531.0,5469.0
781.2570743049112,85.62251,0.08061218,20.0,303.3580017089844,1348000.0,1337062.0,1342531.0,5469.0
1658.9280479498873,225.0407,0.59729004,23.0,303.3580017089844,1348000.0,1337062.0,1342531.0,5469.0
2017.6448672949443,273.42206,0.16842651,24.0,303.3580017089844,1348000.0,1337062.0,1342531.0,5469.0
1237.3610687290734,273.42206,0.16842651,24.0,303.3580017089844,1348000.0,1337062.0,1342531.0,5469.0
2025.4707226413786,66.61672,0.47216797,27.0,303.3580017089844,1348000.0,1337062.0,1342531.0,5469.0
848.8708875417537,66.61672,0.47216797,27.0,303.3580017089844,1348000.0,1337062.0,1342531.0,5469.0
932.1459416806497,66.61672,0.47216797,27.0,303.3580017089844,1348000.0,1337062.0,1342531.0,5469.0
1901.0917423522274,204.37122,0.01695633,23.0,303.3580017089844,1348000.0,1337062.0,1342531.0,5469.0
942.7177041659111,204.37122,0.01695633,23.0,303.3580017089844,1348000.0,1337062.0,1342531.0,5469.0
852.0484658262594,204.37122,0.01695633,23.0,303.3580017089844,1348000.0,1337062.0,1342531.0,5469.0
333.989985932198,153.34317,0.46966553,15.0,303.3580017089844,1348000.0,1337062.0,1342531.0,5469.0
381.268296536923,153.34317,0.46966553,15.0,303.3580017089844,1348000.0,1337062.0,1342531.0,5469.0
948.0750170781915,117.691376,0.99560547,25.0,303.3580017089844,1348000.0,1337062.0,1342531.0,5469.0
959.7220576166508,117.691376,0.99560547,25.0,303.3580017089844,1348000.0,1337062.0,1342531.0,5469.0
2752.524803458862,165.54199,1.2646484,20.0,303.3580017089844,1348000.0,1337062.0,1342531.0,5469.0
1851.8679123565191,165.54199,1.2646484,20.0,303.3580017089844,1348000.0,1337062.0,1342531.0,5469.0
894.4736071330584,152.01216,1.3713379,30.0,303.3580017089844,1348000.0,1337062.0,1342531.0,5469.0
1735.7865599007991,391.00226,1.0300293,15.0,303.3580017089844,1348000.0,1337062.0,1342531.0,5469.0
1449.7431608690092,391.00226,1.0300293,15.0,303.3580017089844,1348000.0,1337062.0,1342531.0,5469.0
3499.01119656032,405.33493,0.6937256,37.0,303.3580017089844,1348000.0,1337062.0,1342531.0,5469.0
1204.88186623883,70.79138,0.442688,26.0,303.3580017089844,1348000.0,1337062.0,1342531.0,5469.0
775.3851995908957,70.79138,0.442688,26.0,303.3580017089844,1348000.0,1337062.0,1342531.0,5469.0
781.127423113434,70.79138,0.442688,26.0,303.3580017089844,1348000.0,1337062.0,1342531.0,5469.0
2335.847185405908,397.74042,1.6418457,31.0,303.3580017089844,1348000.0,1337062.0,1342531.0,5469.0
1870.8031627965227,397.74042,1.6418457,31.0,303.3580017089844,1348000.0,1337062.0,1342531.0,5469.0
1517.2031509757294,204.67435,0.33239746,22.0,303.3580017089844,1348000.0,1337062.0,1342531.0,5469.0
1444.2708434158521,160.71288,1.5307617,41.0,303.3580017089844,1348000.0,1337062.0,1342531.0,5469.0
1344.2835262278638,160.71288,1.5307617,41.0,303.3580017089844,1348000.0,1337062.0,1342531.0,5469.0
1709.7231289744311,373.63327,0.72314453,21.0,303.3580017089844,1348000.0,1337062.0,1342531.0,5469.0
1610.86668622194,373.63327,0.72314453,21.0,303.3580017089844,1348000.0,1337062.0,1342531.0,5469.0
1448.1822591121654,373.63327,0.72314453,21.0,303.3580017089844,1348000.0,1337062.0,1342531.0,5469.0
613.1034136955539,65.97674,0.6098633,20.0,303.3580017089844,1348000.0,1337062.0,1342531.0,5469.0
868.7720082820713,65.97674,0.6098633,20.0,303.3580017089844,1348000.0,1337062.0,1342531.0,5469.0
557.1868160359463,365.9405,0.38781738,15.0,303.3580017089844,1348000.0,1337062.0,1342531.0,5469.0
1135.1756515175714,116.937645,0.29431152,27.0,303.3580017089844,1348000.0,1337062.0,1342531.0,5469.0
1521.4948667235751,116.937645,0.29431152,27.0,303.3580017089844,1348000.0,1337062.0,1342531.0,5469.0
1175.73809647142,259.9929,0.0026922226,18.0,303.3580017089844,1348000.0,1337062.0,1342531.0,5469.0
655.5851001068271,59.571198,0.26971436,12.0,303.3580017089844,1348000.0,1337062.0,1342531.0,5469.0
1515.6480014077245,342.79727,0.27990723,13.0,-303.3580017089844,1348000.0,1337062.0,1342531.0,5469.0
1827.5941876740142,118.40338,0.91552734,32.0,303.3580017089844,1348000.0,1337062.0,1342531.0,5469.0
1100.170960643915,118.40338,0.91552734,32.0,303.3580017089844,1348000.0,1337062.0,1342531.0,5469.0
1460.6990977644077,137.53915,0.6765137,25.0,303.3580017089844,1348000.0,1337062.0,1342531.0,5469.0
1123.478230627324,137.53915,0.6765137,25.0,303.3580017089844,1348000.0,1337062.0,1342531.0,5469.0
1566.5876477747042,124.64815,0.9885254,42.0,303.3580017089844,1348000.0,1337062.0,1342531.0,5469.0
1156.1749129726456,124.64815,0.9885254,42.0,303.3580017089844,1348000.0,1337062.0,1342531.0,5469.0
1194.8109894415456,124.64815,0.9885254,42.0,303.3580017089844,1348000.0,1337062.0,1342531.0,5469.0
1561.802955514621,383.41724,0.7026367,35.0,303.3580017089844,1348000.0,1337062.0,1342531.0,5469.0
485.2619937058222,93.9931,1.0136719,24.0,303.3580017089844,1348000.0,1337062.0,1342531.0,5469.0
1531.2632428808313,205.27974,0.0371933,20.0,303.3580017089844,1348000.0,1337062.0,1342531.0,5469.0
450.1662968455395,170.38718,0.041557312,22.0,303.3580017089844,1348000.0,1337062.0,1342531.0,5469.0
437.1280646291778,170.38718,0.041557312,22.0,303.3580017089844,1348000.0,1337062.0,1342531.0,5469.0
467.4747243777248,170.38718,0.041557312,22.0,303.3580017089844,1348000.0,1337062.0,1342531.0,5469.0
838.7517071990716,77.56069,0.12414551,25.0,303.3580017089844,1348000.0,1337062.0,1342531.0,5469.0
1044.2307643718339,77.56069,0.12414551,25.0,303.3580017089844,1348000.0,1337062.0,1342531.0,5469.0
434.5880496154053,206.72995,0.6254883,17.0,303.3580017089844,1348000.0,1337062.0,1342531.0,5469.0
378.7800953714135,206.72995,0.6254883,17.0,303.3580017089844,1348000.0,1337062.0,1342531.0,5469.0
438.45085523206654,206.72995,0.6254883,17.0,303.3580017089844,1348000.0,1337062.0,1342531.0,5469.0
827.5858467043957,92.61165,1.3017578,21.0,303.3580017089844,1348000.0,1337062.0,1342531.0,5469.0
781.2304238712078,92.61165,1.3017578,21.0,303.3580017089844,1348000.0,1337062.0,1342531.0,5469.0
476.16623735804774,64.58424,0.6883545,23.0,303.3580017089844,1348000.0,1337062.0,1342531.0,5469.0
349.1228338851447,64.58424,0.6883545,23.0,303.3580017089844,1348000.0,1337062.0,1342531.0,5469.0
994.6559710106953,74.16308,2.0922852,26.0,303.3580017089844,1348000.0,1337062.0,1342531.0,5469.0
550.3434504310521,111.95265,0.4220581,8.0,303.3580017089844,1348000.0,1337062.0,1342531.0,5469.0
4718.4853918642975,310.1971,1.5344238,17.0,-303.3580017089844,1348000.0,1337062.0,1342531.0,5469.0
2743.8001612169464,310.1971,1.5344238,17.0,-303.3580017089844,1348000.0,1337062.0,1342531.0,5469.0
1658.3716110591668,358.5489,1.1660156,29.0,303.3580017089844,1348000.0,1337062.0,1342531.0,5469.0
1427.750654348005,89.18318,1.918457,22.0,303.3580017089844,1348000.0,1337062.0,1342531.0,5469.0
1855.4838974937531,243.11795,0.8984375,25.0,303.3580017089844,1348000.0,1337062.0,1342531.0,5469.0
1148.6682375295497,110.48411,0.6561279,16.0,303.3580017089844,1348000.0,1337062.0,1342531.0,5469.0
1202.5229159909666,110.48411,0.6561279,16.0,303.3580017089844,1348000.0,1337062.0,1342531.0,5469.0
983.113199953544,110.48411,0.6561279,16.0,303.3580017089844,1348000.0,1337062.0,1342531.0,5469.0
1656.9570560863654,154.62805,0.49987793,29.0,303.3580017089844,1348000.0,1337062.0,1342531.0,5469.0
1224.3794273519134,71.01495,1.5112305,26.0,303.3580017089844,1348000.0,1337062.0,1342531.0,5469.0
1579.7163510466492,468.8654,1.4064941,27.0,303.3580017089844,1348000.0,1337062.0,1342531.0,5469.0
1583.3646689687125,90.66742,1.3925781,16.0,303.3580017089844,1348000.0,1337062.0,1342531.0,5469.0
1132.620062134161,90.66742,1.3925781,16.0,303.3580017089844,1348000.0,1337062.0,1342531.0,5469.0
1672.0672694760738,167.16533,0.42767334,15.0,303.3580017089844,1348000.0,1337062.0,1342531.0,5469.0
1328.0175886202555,167.16533,0.42767334,15.0,303.3580017089844,1348000.0,1337062.0,1342531.0,5469.0
1486.1423742520967,152.44737,0.5657959,22.0,303.3580017089844,1348000.0,1337062.0,1342531.0,5469.0
1568.9361480192417,152.44737,0.5657959,22.0,303.3580017089844,1348000.0,1337062.0,1342531.0,5469.0
1424.7674829379691,116.42295,1.2783203,18.0,303.3580017089844,1348000.0,1337062.0,1342531.0,5469.0
881.5475238426808,116.42295,1.2783203,18.0,303.3580017089844,1348000.0,1337062.0,1342531.0,5469.0
2965.2718560686994,90.615524,0.6895752,13.0,303.3580017089844,1348000.0,1337062.0,1342531.0,5469.0
1307.857728082419,145.25246,0.87231445,16.0,303.3580017089844,1348000.0,1337062.0,1342531.0,5469.0
1013.6519879430404,145.25246,0.87231445,16.0,303.3580017089844,1348000.0,1337062.0,1342531.0,5469.0
1322.0090514140745,190.1761,1.2763672,20.0,303.3580017089844,1348000.0,1337062.0,1342531.0,5469.0
1535.8558564288237,190.1761,1.2763672,20.0,303.3580017089844,1348000.0,1337062.0,1342531.0,5469.0
1160.7508387786372,101.67371,0.5321045,15.0,303.3580017089844,1348000.0,1337062.0,1342531.0,5469.0
942.1531919876642,101.67371,0.5321045,15.0,303.3580017089844,1348000.0,1337062.0,1342531.0,5469.0
1479.5550419561134,499.8955,0.5427246,23.0,303.3580017089844,1348000.0,1337062.0,1342531.0,5469.0
1354.8669815446299,61.855305,0.8231201,12.0,303.3580017089844,1348000.0,1337062.0,1342531.0,5469.0
1614.2281448274327,61.855305,0.8231201,12.0,303.3580017089844,1348000.0,1337062.0,1342531.0,5469.0
1130.5489001610936,61.855305,0.8231201,12.0,303.3580017089844,1348000.0,1337062.0,1342531.0,5469.0
1459.163285884019,210.15,0.4758911,32.0,303.3580017089844,1348000.0,1337062.0,1342531.0,5469.0
1267.6735213976676,210.15,0.4758911,32.0,303.3580017089844,1348000.0,1337062.0,1342531.0,5469.0
813.5088701795128,112.1957,0.47454834,21.0,303.3580017089844,1348000.0,1337062.0,1342531.0,5469.0
823.763092669495,112.1957,0.47454834,21.0,303.3580017089844,1348000.0,1337062.0,1342531.0,5469.0
1280.7844420945735,57.5676,1.1247559,13.0,303.3580017089844,1348000.0,1337062.0,1342531.0,5469.0
1273.1401852912368,57.5676,1.1247559,13.0,303.3580017089844,1348000.0,1337062.0,1342531.0,5469.0
1717.6645873945745,134.32024,0.46228027,16.0,303.3580017089844,1348000.0,1337062.0,1342531.0,5469.0
1269.2339448004914,56.65513,0.9069824,31.0,303.3580017089844,1348000.0,1337062.0,1342531.0,5469.0
922.8138721132423,56.65513,0.9069824,31.0,303.3580017089844,1348000.0,1337062.0,1342531.0,5469.0
1106.7390323528284,268.87097,1.348877,19.0,303.3580017089844,1348000.0,1337062.0,1342531.0,5469.0
1704.6950473878717,465.64532,0.9614258,27.0,303.3580017089844,1348000.0,1337062.0,1342531.0,5469.0
1670.7529091238248,465.64532,0.9614258,27.0,303.3580017089844,1348000.0,1337062.0,1342531.0,5469.0
1312.3462628786158,259.29047,0.3574829,18.0,303.3580017089844,1348000.0,1337062.0,1342531.0,5469.0
1838.634650262131,128.25253,1.4082031,25.0,-303.3580017089844,1348000.0,1337062.0,1342531.0,5469.0
1195.1855714193628,128.25253,1.4082031,25.0,-303.3580017089844,1348000.0,1337062.0,1342531.0,5469.0
1323.6297165591382,121.14939,0.6257324,16.0,303.3580017089844,1348000.0,1337062.0,1342531.0,5469.0
1026.81783044929,121.14939,0.6257324,16.0,303.3580017089844,1348000.0,1337062.0,1342531.0,5469.0
2228.936309104559,171.17241,0.17047119,23.0,303.3580017089844,1348000.0,1337062.0,1342531.0,5469.0
1408.1584056474046,63.81211,0.39544678,27.0,303.3580017089844,1348000.0,1337062.0,1342531.0,5469.0
1162.2019543705312,63.81211,0.39544678,27.0,303.3580017089844,1348000.0,1337062.0,1342531.0,5469.0
1761.374070977043,312.0976,1.3344727,20.0,303.3580017089844,1348000.0,1337062.0,1342531.0,5469.0
1721.6590200924556,262.4513,0.8905029,26.0,303.3580017089844,1348000.0,1337062.0,1342531.0,5469.0
1246.0968335577606,59.817543,0.42541504,17.0,303.3580017089844,1348000.0,1337062.0,1342531.0,5469.0
1569.6296252846093,313.12296,0.51708984,21.0,303.3580017089844,1348000.0,1337062.0,1342531.0,5469.0
1143.8461758161002,313.12296,0.51708984,21.0,303.3580017089844,1348000.0,1337062.0,1342531.0,5469.0
1310.3548713352648,87.632645,0.025684357,19.0,303.3580017089844,1348000.0,1337062.0,1342531.0,5469.0
668.5403759013873,87.632645,0.025684357,19.0,303.3580017089844,1348000.0,1337062.0,1342531.0,5469.0
2925.669597302289,98.75473,1.0512695,23.0,303.3580017089844,1348000.0,1337062.0,1342531.0,5469.0
2328.9821268573246,98.75473,1.0512695,23.0,303.3580017089844,1348000.0,1337062.0,1342531.0,5469.0
1607.930764123041,266.8968,0.18295288,27.0,303.3580017089844,1348000.0,1337062.0,1342531.0,5469.0
1669.9960401535143,62.062172,2.0395508,20.0,303.3580017089844,1348000.0,1337062.0,1342531.0,5469.0
1304.3514326275558,62.062172,2.0395508,20.0,303.3580017089844,1348000.0,1337062.0,1342531.0,5469.0
1970.9576138814177,72.573044,0.026981354,15.0,303.3580017089844,1348000.0,1337062.0,1342531.0,5469.0
1862.3215412207185,72.573044,0.026981354,15.0,303.3580017089844,1348000.0,1337062.0,1342531.0,5469.0
2211.396574988789,182.00696,0.09831238,17.0,303.3580017089844,1348000.0,1337062.0,1342531.0,5469.0
1649.76448472617,182.00696,0.09831238,17.0,303.3580017089844,1348000.0,1337062.0,1342531.0,5469.0
2303.141808423655,336.886,1.5834961,8.0,303.3580017089844,1348000.0,1337062.0,1342531.0,5469.0
2847.0359960522246,336.886,1.5834961,8.0,303.3580017089844,1348000.0,1337062.0,1342531.0,5469.0
1057.8392336716126,96.995155,1.050293,15.0,303.3580017089844,1348000.0,1337062.0,1342531.0,5469.0
940.0599477977715,96.995155,1.050293,15.0,303.3580017089844,1348000.0,1337062.0,1342531.0,5469.0
1323.1669644944004,216.97032,0.050941467,24.0,303.3580017089844,1348000.0,1337062.0,1342531.0,5469.0
1164.9237504680632,216.97032,0.050941467,24.0,303.3580017089844,1348000.0,1337062.0,1342531.0,5469.0
1097.4080338920512,91.4568,0.14123535,19.0,303.3580017089844,1348000.0,1337062.0,1342531.0,5469.0
857.9187932518173,91.4568,0.14123535,19.0,303.3580017089844,1348000.0,1337062.0,1342531.0,5469.0
2055.8483113868992,118.39862,0.67456055,17.0,303.3580017089844,1348000.0,1337062.0,1342531.0,5469.0
1362.9841299228497,118.39862,0.67456055,17.0,303.3580017089844,1348000.0,1337062.0,1342531.0,5469.0
1187.2660248845102,106.60184,2.0791016,25.0,303.3580017089844,1348000.0,1337062.0,1342531.0,5469.0
1367.9215767335907,106.60184,2.0791016,25.0,303.3580017089844,1348000.0,1337062.0,1342531.0,5469.0
1296.0407103510247,106.60184,2.0791016,25.0,303.3580017089844,1348000.0,1337062.0,1342531.0,5469.0
645.677253732039,258.18918,0.85595703,13.0,303.3580017089844,1348000.0,1337062.0,1342531.0,5469.0
544.8362706141197,258.18918,0.85595703,13.0,303.3580017089844,1348000.0,1337062.0,1342531.0,5469.0
1556.02240370897,110.01903,2.0708008,22.0,303.3580017089844,1348000.0,1337062.0,1342531.0,5469.0
1062.024811829599,110.01903,2.0708008,22.0,303.3580017089844,1348000.0,1337062.0,1342531.0,5469.0
1751.6979621943328,239.02455,0.05382538,14.0,303.3580017089844,1348000.0,1337062.0,1342531.0,5469.0
1620.8944255750207,239.02455,0.05382538,14.0,303.3580017089844,1348000.0,1337062.0,1342531.0,5469.0
1410.7831771320307,299.55652,0.38446045,22.0,303.3580017089844,1348000.0,1337062.0,1342531.0,5469.0
1328.4966836760232,132.01527,0.4862671,19.0,303.3580017089844,1348000.0,1337062.0,1342531.0,5469.0
1055.8395320255408,132.01527,0.4862671,19.0,303.3580017089844,1348000.0,1337062.0,1342531.0,5469.0
1591.0715370803227,197.24637,1.8498535,30.0,303.3580017089844,1348000.0,1337062.0,1342531.0,5469.0
1407.3719390824708,197.24637,1.8498535,30.0,303.3580017089844,1348000.0,1337062.0,1342531.0,5469.0
707.4143384956964,138.58147,0.6706543,24.0,303.3580017089844,1348000.0,1337062.0,1342531.0,5469.0
1379.4194042353715,122.74628,0.66967773,29.0,303.3580017089844,1348000.0,1337062.0,1342531.0,5469.0
1582.5976326643504,255.84372,0.46765137,23.0,303.3580017089844,1348000.0,1337062.0,1342531.0,5469.0
1486.5304787397147,255.84372,0.46765137,23.0,303.3580017089844,1348000.0,1337062.0,1342531.0,5469.0
1330.8310004175135,249.76753,0.93322754,20.0,303.3580017089844,1348000.0,1337062.0,1342531.0,5469.0
1219.4800924587469,130.99356,0.14077759,32.0,303.3580017089844,1348000.0,1337062.0,1342531.0,5469.0
1432.6911082088807,265.0117,1.0622559,12.0,-303.3580017089844,1348000.0,1337062.0,1342531.0,5469.0
788.2709327356423,145.68124,0.08547974,34.0,303.3580017089844,1348000.0,1337062.0,1342531.0,5469.0
756.1161211810158,145.68124,0.08547974,34.0,303.3580017089844,1348000.0,1337062.0,1342531.0,5469.0
1492.347575630066,258.80087,0.38885498,22.0,303.3580017089844,1348000.0,1337062.0,1342531.0,5469.0
1390.2309635309437,258.80087,0.38885498,22.0,303.3580017089844,1348000.0,1337062.0,1342531.0,5469.0
302.19194964089115,99.498825,0.11210632,28.0,303.3580017089844,1348000.0,1337062.0,1342531.0,5469.0
1817.4798375421424,77.622154,0.021343231,28.0,303.3580017089844,1348000.0,1337062.0,1342531.0,5469.0
2526.4869028841435,109.620735,0.4567871,32.0,303.3580017089844,1348000.0,1337062.0,1342531.0,5469.0
2249.500796007243,109.620735,0.4567871,32.0,303.3580017089844,1348000.0,1337062.0,1342531.0,5469.0
1671.2791008882466,421.77435,1.2614746,25.0,303.3580017089844,1348000.0,1337062.0,1342531.0,5469.0
1370.2335127514466,421.77435,1.2614746,25.0,303.3580017089844,1348000.0,1337062.0,1342531.0,5469.0
669.7479720709638,247.26978,0.35247803,15.0,303.3580017089844,1348000.0,1337062.0,1342531.0,5469.0
649.6697707684194,247.26978,0.35247803,15.0,303.3580017089844,1348000.0,1337062.0,1342531.0,5469.0
1201.7681902093996,102.3198,0.5533447,18.0,303.3580017089844,1348000.0,1337062.0,1342531.0,5469.0
1300.5832493549328,102.3198,0.5533447,18.0,303.3580017089844,1348000.0,1337062.0,1342531.0,5469.0
2423.283939512832,60.324623,2.2368164,11.0,303.3580017089844,1348000.0,1337062.0,1342531.0,5469.0
2448.616944122342,60.324623,2.2368164,11.0,303.3580017089844,1348000.0,1337062.0,1342531.0,5469.0
2451.936630942728,89.13208,0.6813965,27.0,303.3580017089844,1348000.0,1337062.0,1342531.0,5469.0
551.5103033953618,72.409294,1.003418,18.0,303.3580017089844,1348000.0,1337062.0,1342531.0,5469.0
521.1498433052877,72.409294,1.003418,18.0,303.3580017089844,1348000.0,1337062.0,1342531.0,5469.0
1187.5668288850898,129.6697,0.63830566,13.0,303.3580017089844,1348000.0,1337062.0,1342531.0,5469.0
954.5566302926546,129.6697,0.63830566,13.0,303.3580017089844,1348000.0,1337062.0,1342531.0,5469.0
936.9884503710575,129.6697,0.63830566,13.0,303.3580017089844,1348000.0,1337062.0,1342531.0,5469.0
879.0837442013759,129.6697,0.63830566,13.0,303.3580017089844,1348000.0,1337062.0,1342531.0,5469.0
470.21476359095936,212.38759,0.9855957,30.0,303.3580017089844,1348000.0,1337062.0,1342531.0,5469.0
780.4419332802169,62.839096,0.5834961,11.0,303.3580017089844,1348000.0,1337062.0,1342531.0,5469.0
744.5650179790931,62.839096,0.5834961,11.0,303.3580017089844,1348000.0,1337062.0,1342531.0,5469.0
393.3904282116223,86.760155,0.52734375,21.0,303.3580017089844,1348000.0,1337062.0,1342531.0,5469.0
342.8235490399862,86.760155,0.52734375,21.0,303.3580017089844,1348000.0,1337062.0,1342531.0,5469.0
1304.923820874043,130.98007,0.33502197,30.0,303.3580017089844,1348000.0,1337062.0,1342531.0,5469.0
1019.6986447023289,130.98007,0.33502197,30.0,303.3580017089844,1348000.0,1337062.0,1342531.0,5469.0
1511.5594336947008,137.08862,1.1723633,37.0,303.3580017089844,1348000.0,1337062.0,1342531.0,5469.0
993.9464743739394,137.08862,1.1723633,37.0,303.3580017089844,1348000.0,1337062.0,1342531.0,5469.0
843.3563730587231,137.08862,1.1723633,37.0,303.3580017089844,1348000.0,1337062.0,1342531.0,5469.0
1411.9840271482517,244.98341,0.5074463,22.0,303.3580017089844,1348000.0,1337062.0,1342531.0,5469.0
1478.4252647754706,244.98341,0.5074463,22.0,303.3580017089844,1348000.0,1337062.0,1342531.0,5469.0
2006.714017910208,372.8157,1.3984375,30.0,303.3580017089844,1348000.0,1337062.0,1342531.0,5469.0
955.9500988718154,65.37495,0.37780762,28.0,303.3580017089844,1348000.0,1337062.0,1342531.0,5469.0
924.0444244778636,65.37495,0.37780762,28.0,303.3580017089844,1348000.0,1337062.0,1342531.0,5469.0
1327.4761244654437,100.1085,0.6968994,36.0,303.3580017089844,1348000.0,1337062.0,1342531.0,5469.0
1487.735932669178,277.308,0.27496338,9.0,303.3580017089844,1348000.0,1337062.0,1342531.0,5469.0
1021.6536726684278,134.10254,0.4418335,16.0,303.3580017089844,1348000.0,1337062.0,1342531.0,5469.0
1261.510109191259,118.59464,1.3303223,40.0,303.3580017089844,1348000.0,1337062.0,1342531.0,5469.0
970.5515036906494,118.59464,1.3303223,40.0,303.3580017089844,1348000.0,1337062.0,1342531.0,5469.0
727.9891325061585,73.327545,1.1101074,24.0,303.3580017089844,1348000.0,1337062.0,1342531.0,5469.0
786.5923520162783,73.327545,1.1101074,24.0,303.3580017089844,1348000.0,1337062.0,1342531.0,5469.0
703.8481544515718,73.327545,1.1101074,24.0,303.3580017089844,1348000.0,1337062.0,1342531.0,5469.0
1651.7230461613478,111.1645,0.41619873,11.0,303.3580017089844,1348000.0,1337062.0,1342531.0,5469.0
1505.2317782932887,111.1645,0.41619873,11.0,303.3580017089844,1348000.0,1337062.0,1342531.0,5469.0
528.9575496823136,126.02181,0.9165039,20.0,303.3580017089844,1348000.0,1337062.0,1342531.0,5469.0
491.0034269266469,126.02181,0.9165039,20.0,303.3580017089844,1348000.0,1337062.0,1342531.0,5469.0
1860.863718833664,129.7353,1.3654785,23.0,303.3580017089844,1348000.0,1337062.0,1342531.0,5469.0
913.5516627916724,129.7353,1.3654785,23.0,303.3580017089844,1348000.0,1337062.0,1342531.0,5469.0
1479.481535560535,162.45563,0.8375244,27.0,303.3580017089844,1348000.0,1337062.0,1342531.0,5469.0
1968.3925531078482,245.11104,1.4475098,24.0,303.3580017089844,1348000.0,1337062.0,1342531.0,5469.0
2168.638495884884,245.11104,1.4475098,24.0,303.3580017089844,1348000.0,1337062.0,1342531.0,5469.0
1230.2875972581949,76.39976,1.1960449,18.0,303.3580017089844,1348000.0,1337062.0,1342531.0,5469.0
838.8973204418457,76.39976,1.1960449,18.0,303.3580017089844,1348000.0,1337062.0,1342531.0,5469.0
418.91141855556367,67.98106,0.6956787,19.0,303.3580017089844,1348000.0,1337062.0,1342531.0,5469.0
347.08347875022434,67.98106,0.6956787,19.0,303.3580017089844,1348000.0,1337062.0,1342531.0,5469.0
1249.6641516572893,165.05438,0.88708496,26.0,303.3580017089844,1348000.0,1337062.0,1342531.0,5469.0
857.5602174802277,175.2742,0.5574951,27.0,303.3580017089844,1348000.0,1337062.0,1342531.0,5469.0
1519.9904650306703,112.656784,0.61572266,28.0,303.3580017089844,1348000.0,1337062.0,1342531.0,5469.0
1313.9093525625294,101.45122,1.3842773,17.0,303.3580017089844,1348000.0,1337062.0,1342531.0,5469.0
1395.5398722304612,101.45122,1.3842773,17.0,303.3580017089844,1348000.0,1337062.0,1342531.0,5469.0
1363.3370422324508,108.491104,0.71313477,27.0,303.3580017089844,1348000.0,1337062.0,1342531.0,5469.0
1034.4481865899181,108.491104,0.71313477,27.0,303.3580017089844,1348000.0,1337062.0,1342531.0,5469.0
932.2289603366161,108.491104,0.71313477,27.0,303.3580017089844,1348000.0,1337062.0,1342531.0,5469.0
980.7234376667622,108.491104,0.71313477,27.0,303.3580017089844,1348000.0,1337062.0,1342531.0,5469.0
1226.0034831560374,126.9075,0.05305481,22.0,303.3580017089844,1348000.0,1337062.0,1342531.0,5469.0
1151.6235941032405,126.9075,0.05305481,22.0,303.3580017089844,1348000.0,1337062.0,1342531.0,5469.0
552.7336834629939,128.37653,0.7397461,23.0,303.3580017089844,1348000.0,1337062.0,1342531.0,5469.0
1110.2006134110748,109.38085,0.5987549,28.0,303.3580017089844,1348000.0,1337062.0,1342531.0,5469.0
782.0976163780481,109.38085,0.5987549,28.0,303.3580017089844,1348000.0,1337062.0,1342531.0,5469.0
720.6362722737357,109.38085,0.5987549,28.0,303.3580017089844,1348000.0,1337062.0,1342531.0,5469.0
923.2690895673744,75.89273,1.0974121,16.0,303.3580017089844,1348000.0,1337062.0,1342531.0,5469.0
872.8629131363291,61.952797,0.8300781,18.0,303.3580017089844,1348000.0,1337062.0,1342531.0,5469.0
1441.8620729159,459.68732,0.5924072,41.0,303.3580017089844,1348000.0,1337062.0,1342531.0,5469.0
1332.504723560886,459.68732,0.5924072,41.0,303.3580017089844,1348000.0,1337062.0,1342531.0,5469.0
1194.9308729579268,164.91048,1.348877,21.0,303.3580017089844,1348000.0,1337062.0,1342531.0,5469.0
1124.0037499797202,225.09908,0.4850464,9.0,303.3580017089844,1348000.0,1337062.0,1342531.0,5469.0
1657.5616905015452,326.51013,0.3050537,21.0,303.3580017089844,1348000.0,1337062.0,1342531.0,5469.0
1772.0912062539246,326.51013,0.3050537,21.0,303.3580017089844,1348000.0,1337062.0,1342531.0,5469.0
461.96255966366186,187.86726,0.36431885,31.0,303.3580017089844,1348000.0,1337062.0,1342531.0,5469.0
772.8842514870179,218.11389,0.7208252,34.0,303.3580017089844,1348000.0,1337062.0,1342531.0,5469.0
1363.182423041832,298.67685,0.13342285,22.0,-303.3580017089844,1348000.0,1337062.0,1342531.0,5469.0
1332.016508177773,298.67685,0.13342285,22.0,-303.3580017089844,1348000.0,1337062.0,1342531.0,5469.0
996.2405315483853,162.22536,0.5292969,24.0,303.3580017089844,1348000.0,1337062.0,1342531.0,5469.0
1707.212090337469,188.23367,0.04549408,17.0,303.3580017089844,1348000.0,1337062.0,1342531.0,5469.0
1446.5706169443959,188.23367,0.04549408,17.0,303.3580017089844,1348000.0,1337062.0,1342531.0,5469.0
1762.8159333436422,311.5831,1.0197754,26.0,303.3580017089844,1348000.0,1337062.0,1342531.0,5469.0
1247.412068580583,169.73137,0.6208496,15.0,303.3580017089844,1348000.0,1337062.0,1342531.0,5469.0
433.01010258814614,195.71779,0.41558838,34.0,303.3580017089844,1348000.0,1337062.0,1342531.0,5469.0
372.1278992187876,195.71779,0.41558838,34.0,303.3580017089844,1348000.0,1337062.0,1342531.0,5469.0
1614.6876503115554,169.07454,2.1210938,33.0,303.3580017089844,1348000.0,1337062.0,1342531.0,5469.0
1585.1097960400195,169.07454,2.1210938,33.0,303.3580017089844,1348000.0,1337062.0,1342531.0,5469.0
1783.5003143709366,169.07454,2.1210938,33.0,303.3580017089844,1348000.0,1337062.0,1342531.0,5469.0
1533.8538263756197,62.40785,0.42797852,21.0,303.3580017089844,1348000.0,1337062.0,1342531.0,5469.0
1455.0638976997463,173.1012,0.833374,16.0,303.3580017089844,1348000.0,1337062.0,1342531.0,5469.0
870.6952119812269,173.1012,0.833374,16.0,303.3580017089844,1348000.0,1337062.0,1342531.0,5469.0
394.72657078194425,83.082146,0.9645996,29.0,303.3580017089844,1348000.0,1337062.0,1342531.0,5469.0
2475.8848417017452,349.2941,0.6418457,42.0,303.3580017089844,1348000.0,1337062.0,1342531.0,5469.0
447.8469632636005,349.2941,0.6418457,42.0,303.3580017089844,1348000.0,1337062.0,1342531.0,5469.0
400.10907290073624,349.2941,0.6418457,42.0,303.3580017089844,1348000.0,1337062.0,1342531.0,5469.0
1309.722959031972,153.0252,0.5333252,27.0,303.3580017089844,1348000.0,1337062.0,1342531.0,5469.0
867.0294568706698,153.0252,0.5333252,27.0,303.3580017089844,1348000.0,1337062.0,1342531.0,5469.0
1986.9959967441334,148.44566,1.4389648,28.0,303.3580017089844,1348000.0,1337062.0,1342531.0,5469.0
1546.5231314585435,148.44566,1.4389648,28.0,303.3580017089844,1348000.0,1337062.0,1342531.0,5469.0
1427.0086184421443,80.73383,0.98791504,19.0,303.3580017089844,1348000.0,1337062.0,1342531.0,5469.0
2299.894993265021,228.97386,2.0976562,10.0,303.3580017089844,1348000.0,1337062.0,1342531.0,5469.0
1709.2735397122397,228.97386,2.0976562,10.0,303.3580017089844,1348000.0,1337062.0,1342531.0,5469.0
1241.6951698476264,127.950195,0.78356934,35.0,-303.3580017089844,1348000.0,1337062.0,1342531.0,5469.0
1559.4337140299806,120.32856,1.979248,20.0,303.3580017089844,1348000.0,1337062.0,1342531.0,5469.0
1381.4769338646834,120.32856,1.979248,20.0,303.3580017089844,1348000.0,1337062.0,1342531.0,5469.0
1298.4169191551155,314.4685,0.84191895,26.0,303.3580017089844,1348000.0,1337062.0,1342531.0,5469.0
1512.8676702702764,84.33221,0.97351074,27.0,303.3580017089844,1348000.0,1337062.0,1342531.0,5469.0
1073.456667218459,84.33221,0.97351074,27.0,303.3580017089844,1348000.0,1337062.0,1342531.0,5469.0
1081.9154462802976,130.91037,1.956543,25.0,303.3580017089844,1348000.0,1337062.0,1342531.0,5469.0
1279.3174888405304,245.00845,0.15124512,23.0,303.3580017089844,1348000.0,1337062.0,1342531.0,5469.0
1226.0449120280148,245.00845,0.15124512,23.0,303.3580017089844,1348000.0,1337062.0,1342531.0,5469.0
2164.80458954427,284.26242,0.68408203,7.0,303.3580017089844,1348000.0,1337062.0,1342531.0,5469.0
1727.6994227004404,174.00641,1.447998,24.0,303.3580017089844,1348000.0,1337062.0,1342531.0,5469.0
1563.4796399670324,174.00641,1.447998,24.0,303.3580017089844,1348000.0,1337062.0,1342531.0,5469.0
1469.7087378482472,62.467228,0.9881592,30.0,303.3580017089844,1348000.0,1337062.0,1342531.0,5469.0
1201.0783189152005,62.467228,0.9881592,30.0,303.3580017089844,1348000.0,1337062.0,1342531.0,5469.0
2623.3553947489927,95.22967,1.9558105,25.0,303.3580017089844,1348000.0,1337062.0,1342531.0,5469.0
636.4063479099398,95.22967,1.9558105,25.0,303.3580017089844,1348000.0,1337062.0,1342531.0,5469.0
1751.2830113904101,66.381195,0.59191895,21.0,303.3580017089844,1348000.0,1337062.0,1342531.0,5469.0
1085.8367838025133,88.375404,0.20892334,36.0,303.3580017089844,1348000.0,1337062.0,1342531.0,5469.0
923.659373596289,88.375404,0.20892334,36.0,303.3580017089844,1348000.0,1337062.0,1342531.0,5469.0
1279.4105040646095,76.4278,0.942749,26.0,303.3580017089844,1348000.0,1337062.0,1342531.0,5469.0
1240.3914931482261,113.72965,0.00077068806,20.0,303.3580017089844,1348000.0,1337062.0,1342531.0,5469.0
1494.5438523839755,113.72965,0.00077068806,20.0,303.3580017089844,1348000.0,1337062.0,1342531.0,5469.0
402.57336023299683,360.17355,0.5827637,29.0,303.3580017089844,1348000.0,1337062.0,1342531.0,5469.0
526.9702238906533,360.17355,0.5827637,29.0,303.3580017089844,1348000.0,1337062.0,1342531.0,5469.0
1583.5850351339716,159.1255,0.17660522,16.0,303.3580017089844,1348000.0,1337062.0,1342531.0,5469.0
1252.910648781998,78.35221,0.68847656,17.0,303.3580017089844,1348000.0,1337062.0,1342531.0,5469.0
603.3945811341264,148.1732,0.40441895,25.0,303.3580017089844,1348000.0,1337062.0,1342531.0,5469.0
512.9980996465312,148.1732,0.40441895,25.0,303.3580017089844,1348000.0,1337062.0,1342531.0,5469.0
583.8552821960216,183.38513,0.62841797,15.0,303.3580017089844,1348000.0,1337062.0,1342531.0,5469.0
2238.4649357445996,74.066475,0.62072754,17.0,303.3580017089844,1348000.0,1337062.0,1342531.0,5469.0
1684.9930308781134,74.066475,0.62072754,17.0,303.3580017089844,1348000.0,1337062.0,1342531.0,5469.0
1129.0497431151666,68.82629,0.27770996,32.0,303.3580017089844,1348000.0,1337062.0,1342531.0,5469.0
1188.703967277646,68.82629,0.27770996,32.0,303.3580017089844,1348000.0,1337062.0,1342531.0,5469.0
936.9817034085577,68.82629,0.27770996,32.0,303.3580017089844,1348000.0,1337062.0,1342531.0,5469.0
1306.1019950722289,61.708473,0.26489258,23.0,303.3580017089844,1348000.0,1337062.0,1342531.0,5469.0
1227.9024911572276,61.708473,0.26489258,23.0,303.3580017089844,1348000.0,1337062.0,1342531.0,5469.0
1442.3979281100105,136.62477,1.2883301,27.0,303.3580017089844,1348000.0,1337062.0,1342531.0,5469.0
1316.8410473600482,136.62477,1.2883301,27.0,303.3580017089844,1348000.0,1337062.0,1342531.0,5469.0
1281.0821676832672,71.15761,0.57458496,17.0,303.3580017089844,1348000.0,1337062.0,1342531.0,5469.0
1318.6047294307716,198.862,1.4633789,24.0,303.3580017089844,1348000.0,1337062.0,1342531.0,5469.0
1115.1578494328985,198.862,1.4633789,24.0,303.3580017089844,1348000.0,1337062.0,1342531.0,5469.0
658.6678573653611,161.3821,0.8562012,23.0,303.3580017089844,1348000.0,1337062.0,1342531.0,5469.0
707.3751406190771,161.3821,0.8562012,23.0,303.3580017089844,1348000.0,1337062.0,1342531.0,5469.0
2112.1085708546816,302.00623,1.4025879,16.0,303.3580017089844,1348000.0,1337062.0,1342531.0,5469.0
1859.2504214932069,214.92508,0.68359375,26.0,303.3580017089844,1348000.0,1337062.0,1342531.0,5469.0
1422.302134968226,214.92508,0.68359375,26.0,303.3580017089844,1348000.0,1337062.0,1342531.0,5469.0
1654.1036632931539,240.39656,0.37329102,27.0,303.3580017089844,1348000.0,1337062.0,1342531.0,5469.0
1763.046696279652,72.21274,0.58569336,22.0,303.3580017089844,1348000.0,1337062.0,1342531.0,5469.0
620.9740463353816,179.61165,1.2231445,24.0,303.3580017089844,1348000.0,1337062.0,1342531.0,5469.0
1215.1736398348194,179.61165,1.2231445,24.0,303.3580017089844,1348000.0,1337062.0,1342531.0,5469.0
751.0171004570111,179.61165,1.2231445,24.0,303.3580017089844,1348000.0,1337062.0,1342531.0,5469.0
910.2679003175033,179.61165,1.2231445,24.0,303.3580017089844,1348000.0,1337062.0,1342531.0,5469.0
2557.6517805382878,136.5296,1.0646973,9.0,303.3580017089844,1348000.0,1337062.0,1342531.0,5469.0
1765.3795094359418,229.21739,0.39123535,18.0,303.3580017089844,1348000.0,1337062.0,1342531.0,5469.0
1722.9274697733063,229.21739,0.39123535,18.0,303.3580017089844,1348000.0,1337062.0,1342531.0,5469.0
1607.9415147848717,228.42917,0.41461182,19.0,303.3580017089844,1348000.0,1337062.0,1342531.0,5469.0
1176.318209743617,228.42917,0.41461182,19.0,303.3580017089844,1348000.0,1337062.0,1342531.0,5469.0
1186.76951463041,93.59317,0.005876541,18.0,303.3580017089844,1348000.0,1337062.0,1342531.0,5469.0
998.2286575001358,93.59317,0.005876541,18.0,303.3580017089844,1348000.0,1337062.0,1342531.0,5469.0
818.806124915399,75.90545,1.0480957,29.0,303.3580017089844,1348000.0,1337062.0,1342531.0,5469.0
609.0487677965023,64.92278,0.06661987,38.0,303.3580017089844,1348000.0,1337062.0,1342531.0,5469.0
1313.6086301355579,280.26852,0.6119385,30.0,303.3580017089844,1348000.0,1337062.0,1342531.0,5469.0
1092.6790985202208,280.26852,0.6119385,30.0,303.3580017089844,1348000.0,1337062.0,1342531.0,5469.0
1821.405290425396,81.716156,0.6477051,27.0,303.3580017089844,1348000.0,1337062.0,1342531.0,5469.0
532.6491743210624,161.26855,0.06309509,22.0,303.3580017089844,1348000.0,1337062.0,1342531.0,5469.0
1542.8598709767195,63.044296,0.43121338,15.0,303.3580017089844,1348000.0,1337062.0,1342531.0,5469.0
992.8471605827918,219.90135,0.0718689,22.0,303.3580017089844,1348000.0,1337062.0,1342531.0,5469.0
864.5337496054225,219.90135,0.0718689,22.0,303.3580017089844,1348000.0,1337062.0,1342531.0,5469.0
1391.951153617905,452.05713,0.6381836,25.0,303.3580017089844,1348000.0,1337062.0,1342531.0,5469.0
1267.8537978621493,452.05713,0.6381836,25.0,303.3580017089844,1348000.0,1337062.0,1342531.0,5469.0
1151.103337631627,107.578636,0.85717773,31.0,303.3580017089844,1348000.0,1337062.0,1342531.0,5469.0
1036.4827806241658,107.578636,0.85717773,31.0,303.3580017089844,1348000.0,1337062.0,1342531.0,5469.0
588.5163972553522,262.19244,0.4537964,19.0,303.3580017089844,1348000.0,1337062.0,1342531.0,5469.0
520.1596403471758,262.19244,0.4537964,19.0,303.3580017089844,1348000.0,1337062.0,1342531.0,5469.0
2592.0129334484614,182.43282,1.3134766,14.0,303.3580017089844,1348000.0,1337062.0,1342531.0,5469.0
1943.3898647952567,182.43282,1.3134766,14.0,303.3580017089844,1348000.0,1337062.0,1342531.0,5469.0
1563.9595852094349,74.38336,0.038093567,33.0,303.3580017089844,1348000.0,1337062.0,1342531.0,5469.0
982.9859233105159,74.38336,0.038093567,33.0,303.3580017089844,1348000.0,1337062.0,1342531.0,5469.0
1473.6533991433637,69.879684,0.49023438,20.0,303.3580017089844,1348000.0,1337062.0,1342531.0,5469.0
2171.9856148929553,140.10522,0.18685913,12.0,303.3580017089844,1348000.0,1337062.0,1342531.0,5469.0
1842.8282868134618,140.10522,0.18685913,12.0,303.3580017089844,1348000.0,1337062.0,1342531.0,5469.0
1324.7452515157577,109.08337,0.6873779,26.0,303.3580017089844,1348000.0,1337062.0,1342531.0,5469.0
1147.9730376223579,109.08337,0.6873779,26.0,303.3580017089844,1348000.0,1337062.0,1342531.0,5469.0
1097.7029041310946,109.08337,0.6873779,26.0,303.3580017089844,1348000.0,1337062.0,1342531.0,5469.0
1324.124290273858,95.0412,0.8345947,22.0,303.3580017089844,1348000.0,1337062.0,1342531.0,5469.0
960.4779925065251,95.0412,0.8345947,22.0,303.3580017089844,1348000.0,1337062.0,1342531.0,5469.0
1743.2878852080933,177.24963,2.222168,14.0,303.3580017089844,1348000.0,1337062.0,1342531.0,5469.0
590.6224715031686,58.70333,0.031944275,12.0,303.3580017089844,1348000.0,1337062.0,1342531.0,5469.0
1748.0401826816797,251.26357,1.7531738,19.0,303.3580017089844,1348000.0,1337062.0,1342531.0,5469.0
1427.0344041909927,251.26357,1.7531738,19.0,303.3580017089844,1348000.0,1337062.0,1342531.0,5469.0
660.4619225567068,64.22261,0.7355957,18.0,303.3580017089844,1348000.0,1337062.0,1342531.0,5469.0
1651.121955556695,60.941788,0.29699707,22.0,-303.3580017089844,1348000.0,1337062.0,1342531.0,5469.0
3263.031882382659,70.00385,1.5695801,7.0,303.3580017089844,1348000.0,1337062.0,1342531.0,5469.0
1556.0568093707416,172.42612,0.5079346,18.0,303.3580017089844,1348000.0,1337062.0,1342531.0,5469.0
1245.181966577397,175.0427,2.0361328,14.0,303.3580017089844,1348000.0,1337062.0,1342531.0,5469.0
1229.365104142695,175.0427,2.0361328,14.0,303.3580017089844,1348000.0,1337062.0,1342531.0,5469.0
1209.602142476617,139.69827,0.26953125,18.0,303.3580017089844,1348000.0,1337062.0,1342531.0,5469.0
1304.1308698568648,139.69827,0.26953125,18.0,303.3580017089844,1348000.0,1337062.0,1342531.0,5469.0
1443.191025036452,57.596752,0.2946167,30.0,303.3580017089844,1348000.0,1337062.0,1342531.0,5469.0
1005.4274401649027,171.84343,0.113220215,16.0,303.3580017089844,1348000.0,1337062.0,1342531.0,5469.0
1851.2095246278354,280.26663,1.168457,19.0,303.3580017089844,1348000.0,1337062.0,1342531.0,5469.0
406.56871552766125,178.24825,0.35809326,26.0,303.3580017089844,1348000.0,1337062.0,1342531.0,5469.0
840.5525750155111,178.24825,0.35809326,26.0,303.3580017089844,1348000.0,1337062.0,1342531.0,5469.0
1042.9161820584159,75.131714,0.6635742,22.0,303.3580017089844,1348000.0,1337062.0,1342531.0,5469.0
1160.9791028673808,75.131714,0.6635742,22.0,303.3580017089844,1348000.0,1337062.0,1342531.0,5469.0
858.7213419218718,114.27258,1.0847168,18.0,303.3580017089844,1348000.0,1337062.0,1342531.0,5469.0
